0, 84
1, 1
2, 0
3, 0
4, 1
5, 0
6, 0
7, 0
8, 2
9, 0
10, 0
11, 5
12, 0
13, 0
14, 4
15, 0
16, 0
17, 0
18, 1
19, 0
20, 0
21, 0
22, 0
23, 0
24, 1
25, 0
26, 0
27, 1
28, 0
29, 0
30, 0
31, 4
32, 0
33, 0
34, 2
35, 0
36, 0
37, 1
38, 0
39, 0
40, 0
41, 3
42, 0
43, 0
44, 2
45, 0
46, 0
47, 3
48, 0
49, 0
50, 0
51, 4
52, 0
53, 0
54, 1
55, 0
56, 0
57, 6
58, 0
59, 0
60, 1
61, 0
62, 0
63, 0
64, 4
65, 0
66, 0
67, 2
68, 0
69, 0
70, 1
71, 0
72, 0
73, 0
74, 1
75, 0
76, 0
77, 2
78, 0
79, 0
80, 1
81, 0
82, 0
83, 0
84, 1
85, 0
86, 0
87, 0
88, 0
89, 0
90, 2
91, 0
92, 0
93, 1
94, 0
95, 0
96, 0
97, 2
98, 0
99, 0
100, 2
101, 0
102, 0
103, 0
104, 0
105, 0
106, 0
107, 2
108, 0
109, 0
110, 6
111, 0
112, 0
113, 1
114, 0
115, 0
116, 0
117, 4
118, 0
119, 0
120, 6
121, 0
122, 0
123, 2
124, 0
125, 0
126, 3
127, 0
128, 0
129, 0
130, 5
131, 0
132, 0
133, 3
134, 0
135, 0
136, 1
137, 0
138, 0
139, 0
140, 1
141, 0
142, 0
143, 1
144, 0
145, 0
146, 1
147, 0
148, 0
149, 0
150, 1
151, 0
152, 0
153, 4
154, 0
155, 0
156, 0
157, 0
158, 0
159, 2
160, 0
161, 0
162, 0
163, 7
164, 0
165, 0
166, 3
167, 0
168, 0
169, 6
170, 0
171, 0
172, 0
173, 4
174, 0
175, 0
176, 2
177, 0
178, 0
179, 3
180, 0
181, 0
182, 0
183, 2
184, 0
185, 0
186, 2
187, 0
188, 0
189, 0
190, 0
191, 0
192, 1
193, 0
194, 0
195, 0
196, 1
197, 0
198, 0
199, 5
200, 0
201, 0
202, 2
203, 0
204, 0
205, 0
206, 1
207, 0
208, 0
209, 1
210, 0
211, 0
212, 2
213, 0
214, 0
215, 0
216, 2
217, 0
218, 0
219, 1
220, 0
221, 0
222, 0
223, 0
224, 0
225, 4
226, 0
227, 0
228, 0
229, 5
230, 0
231, 0
232, 4
233, 0
234, 0
235, 3
236, 0
237, 0
238, 0
239, 5
240, 0
241, 0
242, 1
243, 0
244, 0
245, 1
246, 0
247, 0
248, 0
249, 2
250, 0
251, 0
252, 2
253, 0
254, 0
255, 1
256, 0
257, 0
258, 1
259, 0
260, 0
261, 0
262, 1
263, 0
264, 0
265, 4
266, 0
267, 0
268, 3
269, 0
270, 0
271, 0
272, 2
273, 0
274, 0
275, 2
276, 0
277, 0
278, 3
279, 0
280, 0
281, 1
282, 0
283, 0
284, 0
285, 0
286, 0
287, 0
288, 1
289, 0
290, 0
291, 0
292, 0
293, 0
294, 0
295, 3
296, 0
297, 0
298, 2
299, 0
300, 0
301, 1
302, 0
303, 0
304, 0
305, 2
306, 0
307, 0
308, 1
309, 0
310, 0
311, 1
312, 0
313, 0
314, 0
315, 0
316, 0
317, 0
318, 1
319, 0
320, 0
321, 1
322, 0
323, 0
324, 1
325, 0
326, 0
327, 0
328, 0
329, 0
330, 0
331, 4
332, 0
333, 0
334, 3
335, 0
336, 0
337, 0
338, 5
339, 0
340, 0
341, 1
342, 0
343, 0
344, 3
345, 0
346, 0
347, 2
348, 0
349, 0
350, 0
351, 2
352, 0
353, 0
354, 1
355, 0
356, 0
357, 1
358, 0
359, 0
360, 0
361, 4
362, 0
363, 0
364, 3
365, 0
366, 0
367, 3
368, 0
369, 0
370, 0
371, 0
372, 0
373, 0
374, 5
375, 0
376, 0
377, 0
378, 0
379, 0
380, 1
381, 0
382, 0
383, 0
384, 2
385, 0
386, 0
387, 3
388, 0
389, 0
390, 2
391, 0
392, 0
393, 0
394, 5
395, 0
396, 0
397, 2
398, 0
399, 0
400, 2
401, 0
402, 0
403, 0
404, 4
405, 0
406, 0
407, 4
408, 0
409, 0
410, 4
411, 0
412, 0
413, 3
414, 0
415, 0
416, 0
417, 3
418, 0
419, 0
420, 3
421, 0
422, 0
423, 2
424, 0
425, 0
426, 0
427, 4
428, 0
429, 0
430, 10
431, 0
432, 0
433, 0
434, 0
435, 0
436, 0
437, 3
438, 0
439, 0
440, 0
441, 0
442, 0
443, 2
444, 0
445, 0
446, 1
447, 0
448, 0
449, 0
450, 1
451, 0
452, 0
453, 1
454, 0
455, 0
456, 0
457, 0
458, 0
459, 0
460, 1
461, 0
462, 0
463, 6
464, 0
465, 0
466, 2
467, 0
468, 0
469, 0
470, 1
471, 0
472, 0
473, 3
474, 0
475, 0
476, 3
477, 0
478, 0
479, 3
480, 0
481, 0
482, 0
483, 2
484, 0
485, 0
486, 1
487, 0
488, 0
489, 3
490, 0
491, 0
492, 0
493, 6
494, 0
495, 0
496, 4
497, 0
498, 0
499, 4
500, 0
501, 0
502, 0
503, 1
504, 0
505, 0
506, 5
507, 0
508, 0
509, 3
510, 0
511, 0
512, 3
513, 0
514, 0
515, 0
516, 5
517, 0
518, 0
519, 4
520, 0
521, 0
522, 5
523, 0
524, 0
525, 0
526, 6
527, 0
528, 0
529, 2
530, 0
531, 0
532, 2
533, 0
534, 0
535, 0
536, 2
537, 0
538, 0
539, 4
540, 0
541, 0
542, 2
543, 0
544, 0
545, 1
546, 0
547, 0
548, 0
549, 3
550, 0
551, 0
552, 3
553, 0
554, 0
555, 1
556, 0
557, 0
558, 0
559, 5
560, 0
561, 0
562, 1
563, 0
564, 0
565, 3
566, 0
567, 0
568, 1
569, 0
570, 0
571, 0
572, 0
573, 0
574, 0
575, 2
576, 0
577, 0
578, 2
579, 0
580, 0
581, 0
582, 1
583, 0
584, 0
585, 2
586, 0
587, 0
588, 3
589, 0
590, 0
591, 0
592, 0
593, 0
594, 0
595, 0
596, 0
597, 0
598, 1
599, 0
600, 0
601, 2
602, 0
603, 0
604, 0
605, 1
606, 0
607, 0
608, 2
609, 0
610, 0
611, 3
612, 0
613, 0
614, 0
615, 6
616, 0
617, 0
618, 2
619, 0
620, 0
621, 2
622, 0
623, 0
624, 0
625, 4
626, 0
627, 0
628, 6
629, 0
630, 0
631, 1
632, 0
633, 0
634, 4
635, 0
636, 0
637, 0
638, 1
639, 0
640, 0
641, 1
642, 0
643, 0
644, 3
645, 0
646, 0
647, 0
648, 0
649, 0
650, 0
651, 4
652, 0
653, 0
654, 6
655, 0
656, 0
657, 0
658, 2
659, 0
660, 0
661, 4
662, 0
663, 0
664, 0
665, 0
666, 0
667, 6
668, 0
669, 0
670, 0
671, 2
672, 0
673, 0
674, 1
675, 0
676, 0
677, 4
678, 0
679, 0
680, 0
681, 4
682, 0
683, 0
684, 3
685, 0
686, 0
687, 2
688, 0
689, 0
690, 0
691, 4
692, 0
693, 0
694, 1
695, 0
696, 0
697, 2
698, 0
699, 0
700, 0
701, 0
702, 0
703, 0
704, 2
705, 0
706, 0
707, 1
708, 0
709, 0
710, 5
711, 0
712, 0
713, 0
714, 1
715, 0
716, 0
717, 1
718, 0
719, 0
720, 0
721, 0
722, 0
723, 0
724, 6
725, 0
726, 0
727, 6
728, 0
729, 0
730, 1
731, 0
732, 0
733, 3
734, 0
735, 0
736, 0
737, 0
738, 0
739, 0
740, 1
741, 0
742, 0
743, 1
744, 0
745, 0
746, 0
747, 4
748, 0
749, 0
750, 6
751, 0
752, 0
753, 3
754, 0
755, 0
756, 0
757, 4
758, 0
759, 0
760, 2
761, 0
762, 0
763, 1
764, 0
765, 0
766, 2
767, 0
768, 0
769, 0
770, 4
771, 0
772, 0
773, 2
774, 0
775, 0
776, 2
777, 0
778, 0
779, 0
780, 4
781, 0
782, 0
783, 0
784, 0
785, 0
786, 10
787, 0
788, 0
789, 0
790, 1
791, 0
792, 0
793, 4
794, 0
795, 0
796, 3
797, 0
798, 0
799, 7
800, 0
801, 0
802, 0
803, 0
804, 0
805, 0
806, 1
807, 0
808, 0
809, 1
810, 0
811, 0
812, 0
813, 3
814, 0
815, 0
816, 5
817, 0
818, 0
819, 2
820, 0
821, 0
822, 1
823, 0
824, 0
825, 0
826, 2
827, 0
828, 0
829, 5
830, 0
831, 0
832, 2
833, 0
834, 0
835, 0
836, 2
837, 0
838, 0
839, 2
840, 0
841, 0
842, 1
843, 0
844, 0
845, 0
846, 1
847, 0
848, 0
849, 2
850, 0
851, 0
852, 0
853, 0
854, 0
855, 0
856, 0
857, 0
858, 0
859, 3
860, 0
861, 0
862, 0
863, 0
864, 0
865, 1
866, 0
867, 0
868, 0
869, 6
870, 0
871, 0
872, 1
873, 0
874, 0
875, 2
876, 0
877, 0
878, 0
879, 0
880, 0
881, 0
882, 0
883, 0
884, 0
885, 0
886, 0
887, 0
888, 3
889, 0
890, 0
891, 0
892, 4
893, 0
894, 0
895, 4
896, 0
897, 0
898, 0
899, 0
900, 0
901, 0
902, 1
903, 0
904, 0
905, 1
906, 0
907, 0
908, 3
909, 0
910, 0
911, 0
912, 1
913, 0
914, 0
915, 3
916, 0
917, 0
918, 2
919, 0
920, 0
921, 1
922, 0
923, 0
924, 0
925, 2
926, 0
927, 0
928, 2
929, 0
930, 0
931, 1
932, 0
933, 0
934, 0
935, 2
936, 0
937, 0
938, 3
939, 0
940, 0
941, 6
942, 0
943, 0
944, 0
945, 1
946, 0
947, 0
948, 1
949, 0
950, 0
951, 3
952, 0
953, 0
954, 7
955, 0
956, 0
957, 0
958, 0
959, 0
960, 0
961, 5
962, 0
963, 0
964, 0
965, 0
966, 0
967, 0
968, 1
969, 0
970, 0
971, 0
972, 0
973, 0
974, 3
975, 0
976, 0
977, 0
978, 3
979, 0
980, 0
981, 1
982, 0
983, 0
984, 2
985, 0
986, 0
987, 1
988, 0
989, 0
990, 0
991, 3
992, 0
993, 0
994, 1
995, 0
996, 0
997, 4
998, 0
999, 0
1000, 0
1001, 2
1002, 0
1003, 0
1004, 1
1005, 0
1006, 0
1007, 1
1008, 0
1009, 0
1010, 0
1011, 2
1012, 0
1013, 0
1014, 8
1015, 0
1016, 0
1017, 7
1018, 0
1019, 0
1020, 0
1021, 0
1022, 0
1023, 0
1024, 2
1025, 0
1026, 0
1027, 1
1028, 0
1029, 0
1030, 1
1031, 0
1032, 0
1033, 0
1034, 1
1035, 0
1036, 0
1037, 3
1038, 0
1039, 0
1040, 1
1041, 0
1042, 0
1043, 0
1044, 2
1045, 0
1046, 0
1047, 2
1048, 0
1049, 0
1050, 0
1051, 0
1052, 0
1053, 3
1054, 0
1055, 0
1056, 0
1057, 1
1058, 0
1059, 0
1060, 1
1061, 0
1062, 0
1063, 2
1064, 0
1065, 0
1066, 0
1067, 1
1068, 0
1069, 0
1070, 1
1071, 0
1072, 0
1073, 2
1074, 0
1075, 0
1076, 2
1077, 0
1078, 0
1079, 0
1080, 2
1081, 0
1082, 0
1083, 1
1084, 0
1085, 0
1086, 1
1087, 0
1088, 0
1089, 0
1090, 1
1091, 0
1092, 0
1093, 3
1094, 0
1095, 0
1096, 1
1097, 0
1098, 0
1099, 0
1100, 3
1101, 0
1102, 0
1103, 4
1104, 0
1105, 0
1106, 1
1107, 0
1108, 0
1109, 1
1110, 0
1111, 0
1112, 0
1113, 1
1114, 0
1115, 0
1116, 1
1117, 0
1118, 0
1119, 1
1120, 0
1121, 0
1122, 0
1123, 1
1124, 0
1125, 0
1126, 1
1127, 0
1128, 0
1129, 1
1130, 0
1131, 0
1132, 0
1133, 1
1134, 0
1135, 0
1136, 6
1137, 0
1138, 0
1139, 0
1140, 0
1141, 0
1142, 3
1143, 0
1144, 0
1145, 0
1146, 1
1147, 0
1148, 0
1149, 2
1150, 0
1151, 0
1152, 2
1153, 0
1154, 0
1155, 0
1156, 4
1157, 0
1158, 0
1159, 2
1160, 0
1161, 0
1162, 1
1163, 0
1164, 0
1165, 0
1166, 0
1167, 0
1168, 0
1169, 3
1170, 0
1171, 0
1172, 4
1173, 0
1174, 0
1175, 0
1176, 0
1177, 0
1178, 0
1179, 1
1180, 0
1181, 0
1182, 3
1183, 0
1184, 0
1185, 2
1186, 0
1187, 0
1188, 0
1189, 1
1190, 0
1191, 0
1192, 1
1193, 0
1194, 0
1195, 2
1196, 0
1197, 0
1198, 0
1199, 1
1200, 0
1201, 0
1202, 2
1203, 0
1204, 0
1205, 1
1206, 0
1207, 0
1208, 5
1209, 0
1210, 0
1211, 0
1212, 2
1213, 1
1214, 0
1215, 5
1216, 0
1217, 0
1218, 1
1219, 0
1220, 0
1221, 0
1222, 0
1223, 0
1224, 0
1225, 1
1226, 0
1227, 0
1228, 3
1229, 0
1230, 0
1231, 0
1232, 2
1233, 0
1234, 0
1235, 4
1236, 0
1237, 0
1238, 4
1239, 0
1240, 0
1241, 2
1242, 0
1243, 0
1244, 0
1245, 2
1246, 0
1247, 0
1248, 0
1249, 0
1250, 0
1251, 4
1252, 0
1253, 0
1254, 0
1255, 1
1256, 0
1257, 0
1258, 2
1259, 0
1260, 0
1261, 1
1262, 0
1263, 0
1264, 0
1265, 5
1266, 0
1267, 0
1268, 1
1269, 0
1270, 0
1271, 1
1272, 0
1273, 0
1274, 2
1275, 0
1276, 0
1277, 0
1278, 1
1279, 0
1280, 0
1281, 4
1282, 0
1283, 0
1284, 2
1285, 0
1286, 0
1287, 0
1288, 1
1289, 0
1290, 0
1291, 2
1292, 0
1293, 0
1294, 1
1295, 0
1296, 0
1297, 0
1298, 0
1299, 0
1300, 0
1301, 0
1302, 0
1303, 0
1304, 0
1305, 0
1306, 1
1307, 0
1308, 0
1309, 0
1310, 0
1311, 0
1312, 0
1313, 0
1314, 4
1315, 0
1316, 0
1317, 3
1318, 0
1319, 0
1320, 0
1321, 3
1322, 0
1323, 0
1324, 1
1325, 0
1326, 0
1327, 3
1328, 0
1329, 0
1330, 3
1331, 0
1332, 0
1333, 0
1334, 5
1335, 0
1336, 0
1337, 2
1338, 0
1339, 0
1340, 2
1341, 0
1342, 0
1343, 0
1344, 0
1345, 0
1346, 0
1347, 2
1348, 0
1349, 0
1350, 1
1351, 0
1352, 0
1353, 0
1354, 2
1355, 0
1356, 0
1357, 2
1358, 0
1359, 0
1360, 1
1361, 0
1362, 0
1363, 3
1364, 0
1365, 0
1366, 0
1367, 5
1368, 0
1369, 0
1370, 0
1371, 0
1372, 0
1373, 4
1374, 0
1375, 0
1376, 0
1377, 1
1378, 0
1379, 0
1380, 1
1381, 0
1382, 0
1383, 3
1384, 0
1385, 0
1386, 0
1387, 2
1388, 0
1389, 0
1390, 2
1391, 0
1392, 0
1393, 1
1394, 0
1395, 0
1396, 1
1397, 0
1398, 0
1399, 0
1400, 4
1401, 0
1402, 0
1403, 2
1404, 0
1405, 0
1406, 3
1407, 0
1408, 0
1409, 0
1410, 0
1411, 0
1412, 0
1413, 1
1414, 0
1415, 0
1416, 2
1417, 0
1418, 0
1419, 0
1420, 1
1421, 0
1422, 0
1423, 4
1424, 0
1425, 0
1426, 2
1427, 0
1428, 0
1429, 3
1430, 0
1431, 0
1432, 0
1433, 1
1434, 0
1435, 0
1436, 0
1437, 0
1438, 0
1439, 0
1440, 0
1441, 0
1442, 0
1443, 3
1444, 0
1445, 0
1446, 6
1447, 0
1448, 0
1449, 1
1450, 0
1451, 0
1452, 0
1453, 2
1454, 0
1455, 0
1456, 0
1457, 0
1458, 0
1459, 1
1460, 0
1461, 0
1462, 5
1463, 0
1464, 0
1465, 0
1466, 1
1467, 0
1468, 0
1469, 1
1470, 0
1471, 0
1472, 0
1473, 0
1474, 0
1475, 0
1476, 1
1477, 0
1478, 0
1479, 3
1480, 0
1481, 0
1482, 10
1483, 0
1484, 0
1485, 0
1486, 2
1487, 0
1488, 0
1489, 1
1490, 0
1491, 0
1492, 0
1493, 0
1494, 0
1495, 1
1496, 0
1497, 0
1498, 0
1499, 1
1500, 0
1501, 0
1502, 1
1503, 0
1504, 0
1505, 1
1506, 0
1507, 0
1508, 0
1509, 3
1510, 0
1511, 0
1512, 3
1513, 0
1514, 0
1515, 1
1516, 0
1517, 0
1518, 0
1519, 0
1520, 0
1521, 0
1522, 3
1523, 0
1524, 0
1525, 4
1526, 0
1527, 0
1528, 1
1529, 0
1530, 0
1531, 0
1532, 3
1533, 0
1534, 0
1535, 1
1536, 0
1537, 0
1538, 0
1539, 0
1540, 0
1541, 0
1542, 2
1543, 0
1544, 0
1545, 3
1546, 0
1547, 0
1548, 0
1549, 0
1550, 0
1551, 0
1552, 2
1553, 0
1554, 0
1555, 2
1556, 0
1557, 0
1558, 1
1559, 0
1560, 0
1561, 0
1562, 0
1563, 0
1564, 0
1565, 2
1566, 0
1567, 0
1568, 0
1569, 0
1570, 0
1571, 0
1572, 0
1573, 0
1574, 0
1575, 7
1576, 0
1577, 0
1578, 2
1579, 0
1580, 0
1581, 1
1582, 0
1583, 0
1584, 0
1585, 0
1586, 0
1587, 0
1588, 1
1589, 0
1590, 0
1591, 2
1592, 0
1593, 0
1594, 0
1595, 0
1596, 0
1597, 0
1598, 2
1599, 0
1600, 0
1601, 4
1602, 0
1603, 0
1604, 4
1605, 0
1606, 0
1607, 0
1608, 2
1609, 0
1610, 0
1611, 3
1612, 0
1613, 0
1614, 1
1615, 0
1616, 0
1617, 1
1618, 0
1619, 0
1620, 0
1621, 1
1622, 0
1623, 0
1624, 3
1625, 0
1626, 0
1627, 1
1628, 0
1629, 0
1630, 0
1631, 4
1632, 0
1633, 0
1634, 6
1635, 0
1636, 0
1637, 5
1638, 0
1639, 0
1640, 0
1641, 5
1642, 0
1643, 0
1644, 5
1645, 0
1646, 0
1647, 3
1648, 0
1649, 0
1650, 4
1651, 0
1652, 0
1653, 0
1654, 1
1655, 0
1656, 0
1657, 1
1658, 0
1659, 0
1660, 1
1661, 0
1662, 0
1663, 0
1664, 1
1665, 0
1666, 0
1667, 0
1668, 0
1669, 0
1670, 3
1671, 0
1672, 0
1673, 0
1674, 3
1675, 0
1676, 0
1677, 1
1678, 0
1679, 0
1680, 0
1681, 0
1682, 0
1683, 2
1684, 0
1685, 0
1686, 0
1687, 4
1688, 0
1689, 0
1690, 6
1691, 0
1692, 0
1693, 1
1694, 0
1695, 0
1696, 0
1697, 4
1698, 0
1699, 0
1700, 2
1701, 0
1702, 0
1703, 6
1704, 0
1705, 0
1706, 0
1707, 4
1708, 0
1709, 0
1710, 5
1711, 0
1712, 0
1713, 2
1714, 0
1715, 0
1716, 2
1717, 0
1718, 0
1719, 0
1720, 6
1721, 0
1722, 0
1723, 1
1724, 0
1725, 0
1726, 0
1727, 0
1728, 0
1729, 0
1730, 1
1731, 0
1732, 0
1733, 2
1734, 0
1735, 0
1736, 2
1737, 0
1738, 0
1739, 0
1740, 1
1741, 0
1742, 0
1743, 2
1744, 0
1745, 0
1746, 1
1747, 0
1748, 0
1749, 1
1750, 0
1751, 0
1752, 0
1753, 1
1754, 0
1755, 0
1756, 1
1757, 0
1758, 0
1759, 4
1760, 0
1761, 0
1762, 0
1763, 5
1764, 0
1765, 0
1766, 0
1767, 0
1768, 0
1769, 0
1770, 0
1771, 0
1772, 0
1773, 1
1774, 0
1775, 0
1776, 3
1777, 0
1778, 0
1779, 2
1780, 0
1781, 0
1782, 0
1783, 0
1784, 0
1785, 0
1786, 0
1787, 0
1788, 0
1789, 2
1790, 0
1791, 0
1792, 0
1793, 0
1794, 0
1795, 0
1796, 0
1797, 0
1798, 0
1799, 2
1800, 0
1801, 0
1802, 1
1803, 0
1804, 0
1805, 0
1806, 2
1807, 0
1808, 0
1809, 1
1810, 0
1811, 0
1812, 6
1813, 0
1814, 0
1815, 4
1816, 0
1817, 0
1818, 0
1819, 1
1820, 0
1821, 0
1822, 3
1823, 0
1824, 0
1825, 1
1826, 0
1827, 0
1828, 0
1829, 1
1830, 0
1831, 0
1832, 2
1833, 0
1834, 0
1835, 4
1836, 0
1837, 0
1838, 0
1839, 4
1840, 0
1841, 0
1842, 5
1843, 0
1844, 0
1845, 0
1846, 0
1847, 0
1848, 5
1849, 0
1850, 0
1851, 0
1852, 6
1853, 0
1854, 0
1855, 1
1856, 0
1857, 0
1858, 4
1859, 0
1860, 0
1861, 0
1862, 3
1863, 0
1864, 0
1865, 4
1866, 0
1867, 0
1868, 2
1869, 0
1870, 0
1871, 1
1872, 0
1873, 0
1874, 0
1875, 0
1876, 0
1877, 0
1878, 5
1879, 0
1880, 0
1881, 2
1882, 0
1883, 0
1884, 0
1885, 2
1886, 0
1887, 0
1888, 1
1889, 0
1890, 0
1891, 2
1892, 0
1893, 0
1894, 0
1895, 2
1896, 0
1897, 0
1898, 4
1899, 0
1900, 0
1901, 1
1902, 0
1903, 0
1904, 2
1905, 0
1906, 0
1907, 0
1908, 4
1909, 0
1910, 0
1911, 2
1912, 0
1913, 0
1914, 2
1915, 0
1916, 0
1917, 0
1918, 0
1919, 0
1920, 0
1921, 0
1922, 0
1923, 0
1924, 3
1925, 0
1926, 0
1927, 0
1928, 1
1929, 0
1930, 0
1931, 2
1932, 0
1933, 0
1934, 5
1935, 0
1936, 0
1937, 2
1938, 0
1939, 0
1940, 0
1941, 1
1942, 0
1943, 0
1944, 1
1945, 0
1946, 0
1947, 1
1948, 0
1949, 0
1950, 0
1951, 1
1952, 0
1953, 0
1954, 1
1955, 0
1956, 0
1957, 0
1958, 0
1959, 0
1960, 0
1961, 5
1962, 0
1963, 0
1964, 1
1965, 0
1966, 0
1967, 0
1968, 0
1969, 0
1970, 3
1971, 0
1972, 0
1973, 0
1974, 0
1975, 0
1976, 0
1977, 1
1978, 0
1979, 0
1980, 1
1981, 0
1982, 0
1983, 0
1984, 3
1985, 0
1986, 0
1987, 3
1988, 0
1989, 0
1990, 1
1991, 0
1992, 0
1993, 0
1994, 1
1995, 0
1996, 0
1997, 1
1998, 0
1999, 0
2000, 1
2001, 0
2002, 0
2003, 0
2004, 0
2005, 0
2006, 0
2007, 2
2008, 0
2009, 0
2010, 2
2011, 0
2012, 0
2013, 1
2014, 0
2015, 0
2016, 0
2017, 0
2018, 0
2019, 0
2020, 2
2021, 0
2022, 0
2023, 0
2024, 0
2025, 0
2026, 0
2027, 2
2028, 0
2029, 0
2030, 3
2031, 0
2032, 0
2033, 2
2034, 0
2035, 0
2036, 1
2037, 0
2038, 0
2039, 0
2040, 0
2041, 0
2042, 0
2043, 3
2044, 0
2045, 0
2046, 2
2047, 0
2048, 0
2049, 0
2050, 4
2051, 0
2052, 0
2053, 0
2054, 0
2055, 0
2056, 1
2057, 0
2058, 0
2059, 0
2060, 3
2061, 0
2062, 0
2063, 1
2064, 0
2065, 0
2066, 4
2067, 0
2068, 0
2069, 2
2070, 0
2071, 0
2072, 0
2073, 4
2074, 0
2075, 0
2076, 1
2077, 0
2078, 0
2079, 0
2080, 0
2081, 0
2082, 0
2083, 1
2084, 0
2085, 0
2086, 6
2087, 0
2088, 0
2089, 2
2090, 0
2091, 0
2092, 0
2093, 1
2094, 0
2095, 0
2096, 0
2097, 0
2098, 0
2099, 1
2100, 0
2101, 0
2102, 1
2103, 0
2104, 0
2105, 0
2106, 1
2107, 0
2108, 0
2109, 1
2110, 0
2111, 0
2112, 2
2113, 0
2114, 0
2115, 0
2116, 2
2117, 0
2118, 0
2119, 0
2120, 0
2121, 0
2122, 0
2123, 0
2124, 0
2125, 1
2126, 0
2127, 0
2128, 0
2129, 0
2130, 0
2131, 0
2132, 0
2133, 0
2134, 0
2135, 3
2136, 0
2137, 0
2138, 0
2139, 1
2140, 0
2141, 0
2142, 4
2143, 0
2144, 0
2145, 0
2146, 0
2147, 0
2148, 0
2149, 3
2150, 0
2151, 0
2152, 2
2153, 0
2154, 0
2155, 2
2156, 0
2157, 0
2158, 4
2159, 0
2160, 0
2161, 0
2162, 1
2163, 0
2164, 0
2165, 0
2166, 0
2167, 0
2168, 3
2169, 0
2170, 0
2171, 0
2172, 3
2173, 0
2174, 0
2175, 0
2176, 0
2177, 0
2178, 0
2179, 0
2180, 0
2181, 0
2182, 3
2183, 0
2184, 0
2185, 2
2186, 0
2187, 0
2188, 2
2189, 0
2190, 0
2191, 2
2192, 0
2193, 0
2194, 0
2195, 1
2196, 0
2197, 0
2198, 1
2199, 0
2200, 0
2201, 3
2202, 0
2203, 0
2204, 0
2205, 3
2206, 0
2207, 0
2208, 2
2209, 0
2210, 0
2211, 1
2212, 0
2213, 0
2214, 0
2215, 0
2216, 0
2217, 0
2218, 3
2219, 0
2220, 0
2221, 0
2222, 0
2223, 0
2224, 0
2225, 0
2226, 0
2227, 0
2228, 3
2229, 0
2230, 0
2231, 0
2232, 0
2233, 0
2234, 3
2235, 0
2236, 0
2237, 0
2238, 3
2239, 0
2240, 0
2241, 0
2242, 0
2243, 0
2244, 0
2245, 0
2246, 0
2247, 0
2248, 3
2249, 0
2250, 0
2251, 3
2252, 0
2253, 0
2254, 1
2255, 0
2256, 0
2257, 1
2258, 0
2259, 0
2260, 0
2261, 2
2262, 0
2263, 0
2264, 1
2265, 0
2266, 0
2267, 1
2268, 0
2269, 0
2270, 0
2271, 2
2272, 0
2273, 0
2274, 1
2275, 0
2276, 0
2277, 1
2278, 0
2279, 0
2280, 0
2281, 1
2282, 0
2283, 0
2284, 2
2285, 0
2286, 0
2287, 0
2288, 0
2289, 0
2290, 1
2291, 0
2292, 0
2293, 0
2294, 2
2295, 0
2296, 0
2297, 1
2298, 0
2299, 0
2300, 2
2301, 0
2302, 0
2303, 0
2304, 1
2305, 0
2306, 0
2307, 1
2308, 0
2309, 0
2310, 2
2311, 0
2312, 0
2313, 0
2314, 3
2315, 0
2316, 0
2317, 4
2318, 0
2319, 0
2320, 6
2321, 0
2322, 0
2323, 2
2324, 0
2325, 0
2326, 0
2327, 1
2328, 0
2329, 0
2330, 2
2331, 0
2332, 0
2333, 1
2334, 0
2335, 0
2336, 0
2337, 0
2338, 0
2339, 0
2340, 1
2341, 0
2342, 0
2343, 0
2344, 0
2345, 0
2346, 0
2347, 1
2348, 0
2349, 0
2350, 3
2351, 0
2352, 0
2353, 1
2354, 0
2355, 0
2356, 3
2357, 0
2358, 0
2359, 0
2360, 0
2361, 0
2362, 0
2363, 4
2364, 0
2365, 0
2366, 2
2367, 0
2368, 0
2369, 0
2370, 0
2371, 0
2372, 0
2373, 1
2374, 0
2375, 0
2376, 1
2377, 0
2378, 0
2379, 1
2380, 0
2381, 0
2382, 0
2383, 2
2384, 0
2385, 0
2386, 1
2387, 0
2388, 0
2389, 2
2390, 0
2391, 0
2392, 0
2393, 2
2394, 0
2395, 0
2396, 1
2397, 0
2398, 0
2399, 2
2400, 0
2401, 0
2402, 0
2403, 6
2404, 0
2405, 0
2406, 2
2407, 0
2408, 0
2409, 3
2410, 0
2411, 0
2412, 3
2413, 0
2414, 0
2415, 0
2416, 2
2417, 0
2418, 0
2419, 5
2420, 0
2421, 0
2422, 1
2423, 0
2424, 0
2425, 0
2426, 0
2427, 0
2428, 0
2429, 1
2430, 0
2431, 0
2432, 2
2433, 0
2434, 0
2435, 0
2436, 1
2437, 0
2438, 0
2439, 1
2440, 0
2441, 0
2442, 4
2443, 0
2444, 0
2445, 1
2446, 0
2447, 0
2448, 0
2449, 0
2450, 0
2451, 0
2452, 0
2453, 0
2454, 0
2455, 2
2456, 0
2457, 0
2458, 0
2459, 2
2460, 0
2461, 0
2462, 1
2463, 0
2464, 0
2465, 3
2466, 0
2467, 0
2468, 0
2469, 1
2470, 0
2471, 0
2472, 4
2473, 0
2474, 0
2475, 2
2476, 0
2477, 0
2478, 3
2479, 0
2480, 0
2481, 0
2482, 3
2483, 0
2484, 0
2485, 0
2486, 0
2487, 0
2488, 1
2489, 0
2490, 0
2491, 0
2492, 0
2493, 0
2494, 0
2495, 0
2496, 0
2497, 0
2498, 4
2499, 0
2500, 0
2501, 0
2502, 2
2503, 0
2504, 0
2505, 1
2506, 0
2507, 0
2508, 3
2509, 0
2510, 0
2511, 2
2512, 0
2513, 0
2514, 0
2515, 2
2516, 0
2517, 0
2518, 0
2519, 0
2520, 0
2521, 10
2522, 0
2523, 0
2524, 0
2525, 2
2526, 0
2527, 0
2528, 4
2529, 0
2530, 0
2531, 1
2532, 0
2533, 0
2534, 0
2535, 0
2536, 0
2537, 0
2538, 3
2539, 0
2540, 0
2541, 4
2542, 0
2543, 0
2544, 2
2545, 0
2546, 0
2547, 0
2548, 4
2549, 0
2550, 0
2551, 0
2552, 0
2553, 0
2554, 1
2555, 0
2556, 0
2557, 0
2558, 5
2559, 0
2560, 0
2561, 1
2562, 0
2563, 0
2564, 5
2565, 0
2566, 0
2567, 0
2568, 3
2569, 0
2570, 0
2571, 0
2572, 0
2573, 0
2574, 1
2575, 0
2576, 0
2577, 0
2578, 0
2579, 0
2580, 0
2581, 3
2582, 0
2583, 0
2584, 1
2585, 0
2586, 0
2587, 1
2588, 0
2589, 0
2590, 0
2591, 1
2592, 0
2593, 0
2594, 0
2595, 0
2596, 0
2597, 1
2598, 0
2599, 0
2600, 0
2601, 6
2602, 0
2603, 0
2604, 2
2605, 0
2606, 0
2607, 0
2608, 0
2609, 0
2610, 1
2611, 0
2612, 0
2613, 0
2614, 3
2615, 0
2616, 0
2617, 1
2618, 0
2619, 0
2620, 0
2621, 0
2622, 0
2623, 0
2624, 1
2625, 0
2626, 0
2627, 0
2628, 0
2629, 0
2630, 0
2631, 0
2632, 0
2633, 2
2634, 0
2635, 0
2636, 0
2637, 3
2638, 0
2639, 0
2640, 1
2641, 0
2642, 0
2643, 2
2644, 0
2645, 0
2646, 0
2647, 0
2648, 0
2649, 0
2650, 2
2651, 0
2652, 0
2653, 3
2654, 0
2655, 0
2656, 0
2657, 0
2658, 0
2659, 0
2660, 1
2661, 0
2662, 0
2663, 2
2664, 0
2665, 0
2666, 8
2667, 0
2668, 0
2669, 0
2670, 0
2671, 0
2672, 0
2673, 2
2674, 0
2675, 0
2676, 1
2677, 0
2678, 0
2679, 0
2680, 4
2681, 0
2682, 0
2683, 2
2684, 0
2685, 0
2686, 2
2687, 0
2688, 0
2689, 0
2690, 0
2691, 0
2692, 0
2693, 1
2694, 0
2695, 0
2696, 0
2697, 0
2698, 0
2699, 1
2700, 0
2701, 0
2702, 0
2703, 2
2704, 0
2705, 0
2706, 2
2707, 0
2708, 0
2709, 0
2710, 0
2711, 0
2712, 0
2713, 2
2714, 0
2715, 0
2716, 6
2717, 0
2718, 0
2719, 2
2720, 0
2721, 0
2722, 0
2723, 3
2724, 0
2725, 0
2726, 1
2727, 0
2728, 0
2729, 0
2730, 0
2731, 0
2732, 0
2733, 0
2734, 0
2735, 0
2736, 0
2737, 0
2738, 0
2739, 0
2740, 0
2741, 0
2742, 3
2743, 0
2744, 0
2745, 0
2746, 0
2747, 0
2748, 0
2749, 1
2750, 0
2751, 0
2752, 0
2753, 0
2754, 0
2755, 0
2756, 0
2757, 0
2758, 0
2759, 2
2760, 0
2761, 0
2762, 0
2763, 0
2764, 0
2765, 1
2766, 0
2767, 0
2768, 0
2769, 0
2770, 0
2771, 0
2772, 2
2773, 0
2774, 0
2775, 4
2776, 0
2777, 0
2778, 0
2779, 2
2780, 0
2781, 0
2782, 4
2783, 0
2784, 0
2785, 2
2786, 0
2787, 0
2788, 0
2789, 1
2790, 0
2791, 0
2792, 3
2793, 0
2794, 0
2795, 1
2796, 0
2797, 0
2798, 2
2799, 0
2800, 0
2801, 0
2802, 1
2803, 0
2804, 0
2805, 2
2806, 0
2807, 0
2808, 2
2809, 0
2810, 0
2811, 0
2812, 2
2813, 0
2814, 0
2815, 4
2816, 0
2817, 0
2818, 3
2819, 0
2820, 0
2821, 0
2822, 2
2823, 0
2824, 0
2825, 0
2826, 0
2827, 0
2828, 2
2829, 0
2830, 0
2831, 1
2832, 0
2833, 0
2834, 0
2835, 0
2836, 0
2837, 0
2838, 0
2839, 0
2840, 0
2841, 1
2842, 0
2843, 0
2844, 0
2845, 1
2846, 0
2847, 0
2848, 0
2849, 0
2850, 0
2851, 2
2852, 0
2853, 0
2854, 0
2855, 3
2856, 0
2857, 0
2858, 0
2859, 0
2860, 0
2861, 0
2862, 0
2863, 0
2864, 3
2865, 0
2866, 0
2867, 0
2868, 2
2869, 0
2870, 0
2871, 3
2872, 0
2873, 0
2874, 1
2875, 0
2876, 0
2877, 0
2878, 2
2879, 0
2880, 0
2881, 1
2882, 0
2883, 0
2884, 0
2885, 0
2886, 0
2887, 3
2888, 0
2889, 0
2890, 0
2891, 1
2892, 0
2893, 0
2894, 0
2895, 0
2896, 0
2897, 1
2898, 0
2899, 0
2900, 0
2901, 4
2902, 0
2903, 0
2904, 1
2905, 0
2906, 0
2907, 2
2908, 0
2909, 0
2910, 0
2911, 0
2912, 0
2913, 0
2914, 3
2915, 0
2916, 0
2917, 1
2918, 0
2919, 0
2920, 0
2921, 0
2922, 0
2923, 0
2924, 1
2925, 0
2926, 0
2927, 1
2928, 0
2929, 0
2930, 0
2931, 0
2932, 0
2933, 0
2934, 3
2935, 0
2936, 0
2937, 0
2938, 0
2939, 0
2940, 1
2941, 0
2942, 0
2943, 0
2944, 3
2945, 0
2946, 0
2947, 1
2948, 0
2949, 0
2950, 1
2951, 0
2952, 0
2953, 1
2954, 0
2955, 0
2956, 0
2957, 4
2958, 0
2959, 0
2960, 3
2961, 0
2962, 0
2963, 1
2964, 0
2965, 0
2966, 0
2967, 0
2968, 0
2969, 0
2970, 1
2971, 0
2972, 0
2973, 0
2974, 0
2975, 0
2976, 0
2977, 1
2978, 0
2979, 0
2980, 3
2981, 0
2982, 0
2983, 0
2984, 0
2985, 0
2986, 2
2987, 0
2988, 0
2989, 0
2990, 1
2991, 0
2992, 0
2993, 1
2994, 0
2995, 0
2996, 1
2997, 0
2998, 0
2999, 0
3000, 1
3001, 0
3002, 0
3003, 0
3004, 0
3005, 0
3006, 1
3007, 0
3008, 0
3009, 0
3010, 3
3011, 0
3012, 0
3013, 0
3014, 0
3015, 0
3016, 0
3017, 0
3018, 0
3019, 2
3020, 0
3021, 0
3022, 0
3023, 2
3024, 0
3025, 0
3026, 2
3027, 0
3028, 0
3029, 0
3030, 0
3031, 0
3032, 0
3033, 1
3034, 0
3035, 0
3036, 2
3037, 0
3038, 0
3039, 2
3040, 0
3041, 0
3042, 0
3043, 2
3044, 0
3045, 0
3046, 2
3047, 0
3048, 0
3049, 1
3050, 0
3051, 0
3052, 4
3053, 0
3054, 0
3055, 0
3056, 1
3057, 0
3058, 0
3059, 2
3060, 0
3061, 0
3062, 0
3063, 0
3064, 0
3065, 0
3066, 0
3067, 0
3068, 0
3069, 0
3070, 0
3071, 0
3072, 1
3073, 0
3074, 0
3075, 0
3076, 3
3077, 0
3078, 0
3079, 2
3080, 0
3081, 0
3082, 1
3083, 0
3084, 0
3085, 0
3086, 0
3087, 0
3088, 0
3089, 0
3090, 0
3091, 0
3092, 2
3093, 0
3094, 0
3095, 0
3096, 0
3097, 0
3098, 0
3099, 2
3100, 0
3101, 0
3102, 0
3103, 0
3104, 0
3105, 0
3106, 0
3107, 0
3108, 0
3109, 0
3110, 0
3111, 0
3112, 2
3113, 0
3114, 0
3115, 1
3116, 0
3117, 0
3118, 2
3119, 0
3120, 0
3121, 0
3122, 1
3123, 0
3124, 0
3125, 0
3126, 0
3127, 0
3128, 0
3129, 0
3130, 0
3131, 0
3132, 1
3133, 0
3134, 0
3135, 2
3136, 0
3137, 0
3138, 3
3139, 0
3140, 0
3141, 0
3142, 2
3143, 0
3144, 0
3145, 1
3146, 0
3147, 0
3148, 1
3149, 0
3150, 0
3151, 1
3152, 0
3153, 0
3154, 0
3155, 0
3156, 0
3157, 0
3158, 1
3159, 0
3160, 0
3161, 1
3162, 0
3163, 0
3164, 0
3165, 3
3166, 0
3167, 0
3168, 0
3169, 0
3170, 0
3171, 0
3172, 0
3173, 0
3174, 0
3175, 0
3176, 0
3177, 0
3178, 0
3179, 0
3180, 0
3181, 3
3182, 0
3183, 0
3184, 1
3185, 0
3186, 0
3187, 0
3188, 1
3189, 0
3190, 0
3191, 0
3192, 0
3193, 0
3194, 1
3195, 0
3196, 0
3197, 0
3198, 0
3199, 0
3200, 0
3201, 1
3202, 0
3203, 0
3204, 0
3205, 0
3206, 0
3207, 1
3208, 0
3209, 0
3210, 0
3211, 0
3212, 0
3213, 0
3214, 0
3215, 0
3216, 0
3217, 2
3218, 0
3219, 0
3220, 0
3221, 0
3222, 0
3223, 0
3224, 0
3225, 0
3226, 0
3227, 0
3228, 0
3229, 0
3230, 0
3231, 0
3232, 0
3233, 0
3234, 1
3235, 0
3236, 0
3237, 1
3238, 0
3239, 0
3240, 3
3241, 0
3242, 0
3243, 0
3244, 0
3245, 0
3246, 0
3247, 3
3248, 0
3249, 0
3250, 2
3251, 0
3252, 0
3253, 0
3254, 0
3255, 0
3256, 0
3257, 1
3258, 0
3259, 0
3260, 0
3261, 0
3262, 0
3263, 0
3264, 0
3265, 0
3266, 0
3267, 2
3268, 0
3269, 0
3270, 0
3271, 0
3272, 0
3273, 2
3274, 0
3275, 0
3276, 0
3277, 3
3278, 0
3279, 0
3280, 1
3281, 0
3282, 0
3283, 3
3284, 0
3285, 0
3286, 0
3287, 0
3288, 0
3289, 0
3290, 2
3291, 0
3292, 0
3293, 0
3294, 0
3295, 0
3296, 0
3297, 1
3298, 0
3299, 0
3300, 2
3301, 0
3302, 0
3303, 1
3304, 0
3305, 0
3306, 0
3307, 0
3308, 0
3309, 0
3310, 0
3311, 0
3312, 0
3313, 1
3314, 0
3315, 0
3316, 0
3317, 0
3318, 0
3319, 0
3320, 3
3321, 0
3322, 0
3323, 0
3324, 0
3325, 0
3326, 6
3327, 0
3328, 0
3329, 0
3330, 1
3331, 0
3332, 0
3333, 1
3334, 0
3335, 0
3336, 0
3337, 0
3338, 0
3339, 0
3340, 0
3341, 0
3342, 0
3343, 0
3344, 0
3345, 0
3346, 1
3347, 0
3348, 0
3349, 4
3350, 0
3351, 0
3352, 0
3353, 0
3354, 0
3355, 0
3356, 1
3357, 0
3358, 0
3359, 0
3360, 0
3361, 0
3362, 0
3363, 1
3364, 0
3365, 0
3366, 0
3367, 0
3368, 0
3369, 0
3370, 0
3371, 0
3372, 1
3373, 0
3374, 0
3375, 0
3376, 0
3377, 0
3378, 0
3379, 0
3380, 0
3381, 0
3382, 0
3383, 0
3384, 0
3385, 0
3386, 1
3387, 0
3388, 0
3389, 1
3390, 0
3391, 0
3392, 1
3393, 0
3394, 0
3395, 0
3396, 2
3397, 0
3398, 0
3399, 0
3400, 0
3401, 0
3402, 1
3403, 0
3404, 0
3405, 2
3406, 0
3407, 0
3408, 0
3409, 1
3410, 0
3411, 0
3412, 3
3413, 0
3414, 0
3415, 0
3416, 0
3417, 0
3418, 0
3419, 1
3420, 0
3421, 0
3422, 1
3423, 0
3424, 0
3425, 1
3426, 0
3427, 0
3428, 0
3429, 0
3430, 0
3431, 0
3432, 0
3433, 0
3434, 0
3435, 1
3436, 0
3437, 0
3438, 0
3439, 0
3440, 0
3441, 0
3442, 0
3443, 0
3444, 0
3445, 2
3446, 0
3447, 0
3448, 2
3449, 0
3450, 0
3451, 0
3452, 0
3453, 0
3454, 0
3455, 1
3456, 0
3457, 0
3458, 0
3459, 0
3460, 0
3461, 0
3462, 0
3463, 0
3464, 0
3465, 0
3466, 0
3467, 0
3468, 0
3469, 0
3470, 0
3471, 3
3472, 0
3473, 0
3474, 0
3475, 1
3476, 0
3477, 0
3478, 0
3479, 0
3480, 0
3481, 1
3482, 0
3483, 0
3484, 0
3485, 0
3486, 0
3487, 0
3488, 1
3489, 0
3490, 0
3491, 1
3492, 0
3493, 0
3494, 0
3495, 0
3496, 0
3497, 0
3498, 0
3499, 0
3500, 0
3501, 0
3502, 0
3503, 0
3504, 0
3505, 0
3506, 0
3507, 0
3508, 1
3509, 0
3510, 0
3511, 2
3512, 0
3513, 0
3514, 1
3515, 0
