0, 2985, 1760, 103.672, 103.771, 0.69491, 0.000468314, 0.00210588, 0.0186157, 0.0108322, -0.0243793, -0.215509, -0.125402, -0.00253458, -0.000178086
0, 1788, 1793, 102.39, 104.56, -3.3857, 0.00656688, 0.0795241, 0.0152307, 0.00329045, -0.920632, -0.176322, -0.0380928, -0.00181164, -1.21284e-05
0, 1563, 1613, 105.25, 102.292, 3.85553, 0.00023332, -0.0145371, 0.00418865, -0.00210908, 0.168292, -0.048491, 0.0244163, -0.00203147, -7.5468e-06
0, 19284, 19084, 104.659, 104.067, -1.82071, 1.08605, -0.178273, 0.95614, 0.374249, 2.06383, -11.069, -4.33259, -0.000124708, -9.02288e-05
0, 5290, 4258, 103.475, 99.1361, 2.50917, 0.000675321, 0.0132208, -0.020624, 0.0086708, -0.153054, 0.238759, -0.10038, -0.000253039, -2.08859e-06
0, 17479, 148, 103.475, 100.714, 1.88965, 0.00479197, -0.0688205, -0.00610372, -0.00429539, 0.796719, 0.0706613, 0.0497267, -0.000979715, -1.38926e-05
0, 1333, 5068, 103.179, 103.081, 0.3603, 0.00302055, -0.00699313, 0.0545127, 0.000103912, 0.0809578, -0.631081, -0.00120296, -0.00372555, -0.000640348
0, 3107, 5685, 104.757, 106.138, 1.95298, 0.00177158, 0.0181049, 0.0373146, -0.00716996, -0.209597, -0.431983, 0.0830049, -0.00526765, -6.88035e-05
0, 15659, 10962, 104.659, 103.968, 2.41384, 0.000112272, -0.000376895, 0.00293983, -0.0101729, 0.00436323, -0.0340337, 0.117769, -0.00177926, -1.56853e-05
2, 19445, 18277, 104.461, 105.152, 2.45312, 0.00462756, 0.0552163, -0.039708, 0.0014147, -0.639225, 0.459691, -0.0163777, -0.00257507, -2.28492e-05
0, 4932, 316, 106.434, 101.996, 0.470726, 0.0433244, -0.16785, 0.123054, 0.0029023, 1.94316, -1.42457, -0.0335993, -0.000554417, -9.18316e-05
0, 17518, 16218, 104.856, 104.757, 1.80418, 0.000111091, 0.00461856, 0.00843453, 0.00431498, -0.053468, -0.0976446, -0.0499535, -0.00444819, -6.59438e-05
0, 447, 4114, 105.448, 105.448, 0.274727, 0.152003, 0.0377449, -0.305049, 0.239841, -0.436964, 3.53148, -2.77659, -0.00118068, -0.000692987
0, 6895, 11597, 103.081, 101.404, 1.29838, 0.000967139, -0.020077, -0.0237078, 0.00141128, 0.232426, 0.27446, -0.0163381, -0.000252451, -6.6322e-06
0, 4166, 5244, 104.954, 104.166, 0.813307, 0.00180205, -0.0408133, 0.0116706, 0.000350179, 0.472485, -0.135108, -0.00405394, -0.00100312, -5.6254e-05
2, 7219, 10960, 103.968, 104.264, 2.56395, 0.00448202, 0.0498782, 0.0134952, 0.0425684, -0.577428, -0.156231, -0.492804, -0.00085934, -7.02824e-06
0, 6403, 8508, 104.461, 105.743, -0.885169, 0.00112382, 0.0215722, -0.0253517, 0.00396866, -0.249737, 0.29349, -0.0459442, -0.00453845, -0.000709422
0, 9652, 9711, 105.645, 104.067, -2.56447, 0.143163, 0.102271, -0.353768, -0.0869014, -1.18396, 4.09549, 1.00604, -0.000720052, -2.07781e-05
2, 6425, 5176, 102.39, 105.645, -0.592019, 0.000477304, -0.0149291, -0.00273783, 0.015714, 0.172831, 0.0316953, -0.181917, -0.00152064, -0.00081557
0, 2687, 9772, 103.968, 105.448, -1.43419, 9.71282e-08, -0.00028303, -9.38002e-05, 9.0686e-05, 0.00327657, 0.0010859, -0.00104985, -0.00203526, -9.07101e-05
0, 8312, 7346, 105.25, 101.7, 3.46442, 2.20274e-07, 0.000384771, -0.000160775, -0.000215353, -0.0044544, 0.00186125, 0.00249309, -0.000381612, -1.72871e-06
2, 18936, 12863, 104.264, 104.954, 1.8711, 0.00490654, 0.0209931, -0.0229846, -0.0627498, -0.243032, 0.266087, 0.72644, -0.00342592, -4.94785e-05
0, 7380, 7383, 103.574, 103.574, -5.31575e-15, 0, 0, -0, -0, -0, 0, 0, -0.00254408, -0.00254408
0, 15034, 12682, 106.138, 105.053, 3.42765, 0.00194814, -0.0306145, -0.0113837, -0.0296869, 0.354416, 0.131787, 0.343678, -0.000876712, -4.11469e-06
