6.549	0	0	6.549	0.2393	0	0	0.0732	0	0	0
7.674	0	-4.001	6.549	0.1034	-0.0001	-0	-0.0001	0	0	1
7.674	3.465	2.001	6.549	0.1034	0.0001	-0.0001	-0.0001	0	0	2
7.674	-3.465	2.001	6.549	0.1034	0	0.0001	-0.0001	0	0	3
9.535	-3.465	-6.002	6.549	0.0083	0.0066	0.0115	-0.0025	0	0	4
9.535	3.465	6.002	6.549	-0.194	-0.0178	-0.0309	0.0051	0	0	5
9.535	3.465	-6.002	6.549	-0.194	-0.0179	0.0309	0.0051	0	0	6
9.535	-3.465	6.002	6.549	0.0083	0.0066	-0.0115	-0.0025	0	0	7
9.535	-6.93	0	6.549	-0.194	0.0357	0.0001	0.0051	0	0	8
9.535	6.93	0	6.549	0.0083	-0.0132	-0	-0.0025	0	0	9
6.761	-0.347	0.6	6.725	0.2905	0.0086	-0.015	0.0279	0	0.1	0
7.544	-0.346	-3.401	6.725	0.0046	0.0003	0.0002	0.0001	0	0.1	1
7.856	3.118	2.601	6.725	0.1828	-0	-0	0	0	0.1	2
8.156	-3.812	2.601	6.725	0.0736	0.0001	0.0001	0.0001	0	0.1	3
9.172	3.119	-5.401	6.725	-0.1931	0.0206	-0.0355	-0.0779	0	0.1	4
9.431	-3.811	-5.401	6.725	0.007	-0.0047	0.0297	-0.0036	0	0.1	5
9.431	6.583	0.6	6.725	0.007	-0.0234	0.0188	-0.0036	0	0.1	6
9.927	3.118	6.602	6.725	0.0025	-0.0481	0.0055	0.0135	0	0.1	7
9.927	-7.276	0.6	6.725	0.0021	0.0195	0.0446	0.0136	0	0.1	8
7.099	-0.693	1.2	6.963	0.2544	0.0105	-0.0183	-0.0492	0	0.2	0
7.537	-0.693	-2.801	6.963	-0.0605	0.0002	-0.0002	0.0001	0	0.2	1
8.149	2.772	3.201	6.963	0.1909	-0.0001	-0	0	0	0.2	2
8.718	-4.158	3.201	6.963	0.0517	-0	-0	0	0	0.2	3
8.9	2.772	-4.801	6.963	0.0159	0.0364	-0.0628	-0.0825	0	0.2	4
9.424	-4.158	-4.801	6.963	0.0098	-0.0115	0.0354	-0.0039	0	0.2	5
9.424	6.237	1.2	6.963	0.0099	-0.0249	0.0277	-0.0039	0	0.2	6
9.758	6.237	-2.801	6.963	0.036	-0	0	0	0	0.2	7
7.463	-1.04	1.8	7.168	0.0713	0.0031	-0.0057	-0.0903	0	0.3	0
7.569	-1.039	-2.201	7.168	-0.023	0	0	-0	0	0.3	1
8.468	2.425	3.801	7.168	0.1235	-0.0001	0	0	0	0.3	2
8.655	2.426	-4.201	7.168	0.1173	0.0193	-0.0334	-0.0291	0	0.3	3
9.28	-4.505	3.801	7.168	0.0225	0	0	-0	0	0.3	4
9.451	-4.504	-4.201	7.168	0.01	-0.0103	0.0263	-0.0024	0	0.3	5
9.451	5.89	1.8	7.168	0.01	-0.0177	0.0221	-0.0025	0	0.3	6
9.535	5.891	-2.201	7.168	0.0157	0	0	0	0	0.3	7
7.464	-1.386	-1.6	7.157	0.0751	-0	-0	0	0	0.4	0
7.675	-1.386	2.401	7.157	-0.1631	-0.0069	0.012	-0.1152	0	0.4	1
8.277	2.079	-3.601	7.157	0.1045	0.0074	-0.0129	-0.0016	0	0.4	2
8.655	2.079	4.401	7.157	0.0412	-0	0	0	0	0.4	3
9.193	5.544	-1.6	7.157	0.0045	0	-0	-0	0	0.4	4
9.366	-4.851	-3.601	7.157	0.0124	-0.009	0.0162	-0.003	0	0.4	5
9.366	5.544	2.401	7.157	0.0124	-0.0095	0.0159	-0.003	0	0.4	6
9.702	-4.851	4.401	7.157	0.0162	0	0	-0	0	0.4	7
7.227	-1.732	-1	6.945	0.2345	-0	0.0001	-0.0001	0	0.5	0
7.761	1.733	-3.001	6.945	0.0675	0.0068	-0.0119	-0.0027	0	0.5	1
7.761	-1.733	3.001	6.945	-0.486	-0.021	0.0363	-0.124	0	0.5	2
8.732	1.732	5.001	6.945	-0.0932	0.0001	-0.0001	-0	0	0.5	3
8.732	5.197	-1	6.945	-0.0033	-0	0	-0	0	0.5	4
9.179	-5.197	-3.001	6.945	0.0133	-0.0082	-0.0036	-0.0078	0	0.5	5
9.179	5.197	3.001	6.945	0.0133	0.0071	0.0053	-0.0078	0	0.5	6
7.026	-2.079	-0.4	6.7	0.3436	-0.0001	-0	-0	0	0.6	0
7.25	1.386	-2.401	6.7	0.1598	0.0249	-0.0431	-0.0124	0	0.6	1
7.885	-2.079	3.601	6.7	-0.4888	-0.0299	0.0516	-0.0646	0	0.6	2
8.281	4.851	-0.4	6.7	-0.0356	0.0001	-0	-0.0001	0	0.6	3
8.842	1.386	5.601	6.7	-0.2064	-0.0001	-0	0	0	0.6	4
9.021	4.851	3.601	6.7	-0.0019	0.0499	-0.0133	-0.0219	0	0.6	5
9.021	-5.544	-2.401	6.7	-0.0019	-0.0134	-0.0499	-0.0219	0	0.6	6
9.369	1.386	-6.402	6.7	-0.0069	0	0	0	0	0.6	7
6.873	1.04	-1.8	6.551	0.4903	0.0375	-0.065	0.0121	0	0.7	0
6.988	-2.425	0.2	6.551	0.3658	0	0	-0	0	0.7	1
7.952	4.504	0.2	6.551	-0.2386	-0	-0.0001	0	0	0.7	2
8.151	-2.426	4.201	6.551	-0.0455	0.0037	-0.0063	-0.0015	0	0.7	3
8.812	1.04	-5.802	6.551	0.1009	-0	-0	-0	0	0.7	4
8.992	4.504	4.201	6.551	-0.057	0.1243	-0.0336	-0.0502	0	0.7	5
8.992	-5.89	-1.8	6.551	-0.057	-0.0331	-0.1244	-0.0503	0	0.7	6
9.08	1.039	6.202	6.551	-0.1027	-0	-0	-0	0	0.7	7
6.839	0.693	-1.2	6.697	0.4669	0.009	-0.0156	0.0194	0	0.8	0
7.292	-2.772	0.8	6.697	0.2682	-0	0	0	0	0.8	1
7.923	4.158	0.8	6.697	-0.2312	0.0001	-0	-0.0001	0	0.8	2
8.508	0.693	-5.201	6.697	0.2016	-0	-0	-0.0001	0	0.8	3
8.694	-2.772	4.801	6.697	0.0347	0.0247	-0.0429	0.0055	0	0.8	4
9.23	4.158	4.801	6.697	-0.0879	0.1142	-0.0403	-0.0487	0	0.8	5
9.23	-6.237	-1.2	6.697	-0.0876	-0.0222	-0.1189	-0.0486	0	0.8	6
9.57	0.693	6.802	6.697	0.0099	0	-0	0	0	0.8	7
6.735	0.347	-0.6	6.7	0.3089	-0.0027	0.0045	0.0428	0	0.9	0
7.521	-3.119	1.4	6.7	0.1801	0	0.0001	-0.0001	0	0.9	1
7.834	3.811	1.4	6.7	-0.0909	0.0002	-0.0002	-0.0001	0	0.9	2
8.135	0.347	-4.601	6.7	0.1752	-0.0001	-0.0002	-0.0002	0	0.9	3
9.153	-3.119	5.401	6.7	0.0031	0.0174	-0.0301	-0.0012	0	0.9	4
9.412	3.811	5.401	6.7	-0.1658	0.0762	-0.0442	-0.0316	0	0.9	5
9.412	-6.583	-0.6	6.7	-0.1651	0.0001	-0.0882	-0.0316	0	0.9	6
9.909	-3.118	-6.602	6.7	0.0149	0.0075	0.003	-0.0015	0	0.9	7
9.909	7.276	-0.6	6.7	0.0149	-0.0064	-0.005	-0.0015	0	0.9	8
9.99	0.346	7.402	6.7	0.0339	0	0	0	0	0.9	9
6.549	0	0	6.549	0.2393	0	0	0.0732	0	1	0
7.674	0	-4.001	6.549	0.1034	-0.0001	-0	-0.0001	0	1	1
7.674	3.465	2.001	6.549	0.1034	0.0001	-0.0001	-0.0001	0	1	2
7.674	-3.465	2.001	6.549	0.1034	0	0.0001	-0.0001	0	1	3
9.535	-3.465	-6.002	6.549	0.0083	0.0066	0.0115	-0.0025	0	1	4
9.535	3.465	6.002	6.549	-0.194	-0.0178	-0.0309	0.0051	0	1	5
9.535	3.465	-6.002	6.549	-0.194	-0.0179	0.0309	0.0051	0	1	6
9.535	-3.465	6.002	6.549	0.0083	0.0066	-0.0115	-0.0025	0	1	7
9.535	-6.93	0	6.549	-0.194	0.0357	0.0001	0.0051	0	1	8
9.535	6.93	0	6.549	0.0083	-0.0132	-0	-0.0025	0	1	9
6.761	0.693	0	6.726	0.2904	-0.0173	0.0001	0.0279	0.1	0	0
7.545	-2.772	2.001	6.726	0.0046	0	-0.0004	0.0001	0.1	0	1
7.856	0.693	-4.001	6.726	0.1828	-0	0.0001	0	0.1	0	2
8.156	4.158	2.001	6.726	0.0735	0	-0.0001	0.0001	0.1	0	3
9.172	-6.237	0	6.726	-0.193	-0.0411	-0	-0.0779	0.1	0	4
9.431	-2.772	-6.002	6.726	0.007	0.028	0.0108	-0.0036	0.1	0	5
9.431	-2.772	6.002	6.726	0.007	0.028	-0.0108	-0.0036	0.1	0	6
9.927	4.158	6.002	6.726	0.0021	0.0289	-0.0392	0.0136	0.1	0	7
9.927	4.158	-6.002	6.726	0.0025	0.0288	0.0389	0.0135	0.1	0	8
6.736	0.346	0.6	6.701	0.3077	-0.0025	-0.0047	0.0425	0.1	0.1	0
7.522	0.347	-3.401	6.701	0.1795	-0.0001	-0	-0.0001	0.1	0.1	1
7.835	-3.119	2.601	6.701	-0.0902	-0	0.0003	-0.0001	0.1	0.1	2
8.136	3.811	2.601	6.701	0.1748	0.0002	0	-0.0002	0.1	0.1	3
9.154	-3.118	-5.401	6.701	0.0032	0.0173	0.0299	-0.0012	0.1	0.1	4
9.413	3.812	-5.401	6.701	-0.1632	0.0758	0.0437	-0.0314	0.1	0.1	5
9.413	-6.583	0.6	6.701	-0.1647	0.0001	0.0877	-0.0315	0.1	0.1	6
9.91	-3.119	6.602	6.701	0.0149	0.0075	-0.003	-0.0015	0.1	0.1	7
9.91	7.276	0.6	6.701	0.0148	-0.0064	0.005	-0.0015	0.1	0.1	8
9.99	-6.583	-3.401	6.701	0.0337	-0	0	0	0.1	0.1	9
6.97	-0	1.2	6.866	0.3257	-0.0067	-0.0122	-0.0064	0.1	0.2	0
7.415	0	-2.801	6.866	0.2513	-0	0.0001	-0.0001	0.1	0.2	1
8.33	3.465	3.201	6.866	0.2513	-0.0002	-0	0.0001	0.1	0.2	2
8.33	-3.465	3.201	6.866	0.0312	-0	-0	-0	0.1	0.2	3
9.066	-3.465	-4.801	6.866	0.0113	0.0053	0.0393	0.0004	0.1	0.2	4
9.066	3.465	-4.801	6.866	-0.0601	0.0899	-0.0109	-0.0775	0.1	0.2	5
9.829	6.93	1.2	6.866	0.02	-0.0142	0.0214	-0.0026	0.1	0.2	6
9.829	-6.93	1.2	6.866	-0.0056	0.005	0.051	-0.0035	0.1	0.2	7
7.215	-0.347	1.8	6.978	0.2598	-0.0184	-0.0206	-0.0784	0.1	0.3	0
7.325	-0.346	-2.201	6.979	0.2614	0.0001	-0.0004	0.0003	0.1	0.3	1
8.537	3.118	3.801	6.979	0.2565	0.0003	0.0001	-0.0001	0.1	0.3	2
8.722	3.119	-4.201	6.978	0.1054	0.0708	-0.0307	-0.0601	0.1	0.3	3
8.813	-3.812	3.801	6.979	0.0435	-0	0	0	0.1	0.3	4
8.993	-3.811	-4.201	6.978	0.0123	0.0015	0.0396	0.0019	0.1	0.3	5
9.761	6.583	1.8	6.978	0.0239	-0.0165	0.0313	-0.0031	0.1	0.3	6
9.843	6.583	-2.201	6.979	0.0268	-0	-0	0	0.1	0.3	7
7.279	-0.693	-1.6	7.067	0.2123	-0.0002	0.0003	-0.0003	0.1	0.4	0
7.496	-0.693	2.401	7.067	0.0362	-0.0282	-0.0082	-0.1163	0.1	0.4	1
8.402	2.772	-3.601	7.067	0.1461	0.0304	-0.0143	-0.0115	0.1	0.4	2
8.775	2.772	4.401	7.067	0.1203	0	-0	-0	0.1	0.4	3
8.955	-4.158	-3.601	7.067	0.017	0	0.0283	0.0017	0.1	0.4	4
9.306	-4.158	4.401	7.067	0.0164	0	0	0	0.1	0.4	5
9.56	6.237	-1.6	7.067	0.0112	0	-0.0001	-0	0.1	0.4	6
9.727	6.237	2.401	7.067	0.0218	-0.0103	0.0259	-0.0029	0.1	0.4	7
7.121	-1.039	-1	6.974	0.2238	-0.0001	0.0001	-0.0002	0.1	0.5	0
7.663	-1.04	3.001	6.975	-0.2368	-0.0387	0.0113	-0.1286	0.1	0.5	1
7.971	2.426	-3.001	6.975	0.1114	0.0143	-0.003	0.0043	0.1	0.5	2
8.828	-4.504	-3.001	6.975	0.0354	-0.0025	0.0148	-0.0019	0.1	0.5	3
8.918	2.425	5.001	6.974	-0.0486	0	0.0001	0	0.1	0.5	4
9.183	5.89	-1	6.974	0.0083	-0	-0	-0	0.1	0.5	5
9.61	5.89	3.001	6.975	0.0197	-0.0013	0.0156	-0.004	0.1	0.5	6
9.692	-4.505	5.001	6.974	0.0136	0	0	0	0.1	0.5	7
6.963	-1.386	-0.4	6.812	0.3095	0.0001	0	-0.0001	0.1	0.6	0
7.516	2.079	-2.401	6.813	0.1345	0.0238	-0.0116	-0.0116	0.1	0.6	1
7.829	-1.386	3.601	6.813	-0.3644	-0.044	0.0248	-0.0839	0.1	0.6	2
8.701	-4.851	-2.401	6.813	0.0603	-0.0111	-0.018	-0.0124	0.1	0.6	3
8.792	5.544	-0.4	6.812	0.0239	0.0001	-0.0001	-0	0.1	0.6	4
9.061	2.079	5.601	6.812	-0.2007	0.0001	-0.0001	-0	0.1	0.6	5
9.493	5.544	3.601	6.813	0.0019	0.0156	-0.0021	-0.007	0.1	0.6	6
9.576	2.079	-6.402	6.812	0.0122	-0.0001	-0.0001	-0.0001	0.1	0.6	7
6.89	-1.732	0.2	6.666	0.5201	-0.0001	-0.0001	0	0.1	0.7	0
7.118	1.733	-1.8	6.665	0.3767	0.0442	-0.0211	-0.026	0.1	0.7	1
8.067	-1.733	4.201	6.665	-0.1387	-0.0258	-0.0061	-0.0159	0.1	0.7	2
8.455	5.197	0.2	6.666	0.0554	0	-0	-0	0.1	0.7	3
8.642	-5.197	-1.8	6.665	0.0845	-0.0386	-0.0822	-0.0441	0.1	0.7	4
9.005	1.733	-5.802	6.666	0.1031	-0.0001	-0.0002	-0.0002	0.1	0.7	5
9.268	1.732	6.202	6.666	-0.1762	0	-0.0001	-0	0.1	0.7	6
9.439	5.197	4.201	6.665	-0.026	0.042	-0.0161	-0.0125	0.1	0.7	7
6.99	1.386	-1.2	6.745	0.4801	0.0207	0.0054	-0.0256	0.1	0.8	0
7.104	-2.079	0.8	6.746	0.5212	0.0001	0	-0.0001	0.1	0.8	1
8.347	4.851	0.8	6.746	0.0417	0.0001	-0	-0	0.1	0.8	2
8.537	-2.079	4.801	6.745	0.029	0.0221	-0.0385	0.0081	0.1	0.8	3
8.63	1.386	-5.201	6.746	0.2956	0	0	0	0.1	0.8	4
8.813	-5.544	-1.2	6.745	0.0209	-0.0637	-0.115	-0.0794	0.1	0.8	5
9.596	4.851	4.801	6.745	-0.0283	0.0538	-0.0251	-0.0131	0.1	0.8	6
9.679	1.386	6.802	6.746	-0.0395	-0	0	0	0.1	0.8	7
6.975	1.04	-0.6	6.871	0.32	-0.0065	0.0111	-0.0058	0.1	0.9	0
7.42	-2.426	1.4	6.871	0.2465	0.0001	-0.0001	-0.0001	0.1	0.9	1
8.334	1.04	-4.601	6.871	0.2458	0.0001	0	0.0001	0.1	0.9	2
8.334	4.504	1.4	6.871	0.0303	0	-0	-0	0.1	0.9	3
9.07	-2.426	5.401	6.871	0.0111	0.031	-0.0239	0.0004	0.1	0.9	4
9.07	-5.89	-0.6	6.871	-0.0586	-0.0539	-0.0714	-0.0763	0.1	0.9	5
9.832	-2.425	-6.602	6.871	0.0197	0.0252	0.0015	-0.0026	0.1	0.9	6
9.832	4.504	5.401	6.871	-0.0056	0.0408	-0.0292	-0.0036	0.1	0.9	7
6.761	0.693	0	6.726	0.2904	-0.0173	0.0001	0.0279	0.1	1	0
7.545	-2.772	2.001	6.726	0.0046	0	-0.0004	0.0001	0.1	1	1
7.856	0.693	-4.001	6.726	0.1828	-0	0.0001	0	0.1	1	2
8.156	4.158	2.001	6.726	0.0735	0	-0.0001	0.0001	0.1	1	3
9.172	-6.237	0	6.726	-0.193	-0.0411	-0	-0.0779	0.1	1	4
9.431	-2.772	-6.002	6.726	0.007	0.028	0.0108	-0.0036	0.1	1	5
9.431	-2.772	6.002	6.726	0.007	0.028	-0.0108	-0.0036	0.1	1	6
9.927	4.158	6.002	6.726	0.0021	0.0289	-0.0392	0.0136	0.1	1	7
9.927	4.158	-6.002	6.726	0.0025	0.0288	0.0389	0.0135	0.1	1	8
7.099	1.386	0	6.963	0.2544	-0.0212	0	-0.0492	0.2	0	0
7.537	-2.079	2.001	6.963	-0.0606	-0.0003	0	0.0001	0.2	0	1
8.149	1.386	-4.001	6.963	0.191	0	0	0	0.2	0	2
8.718	4.851	2.001	6.963	0.0517	-0	0	-0	0.2	0	3
8.9	-5.544	0	6.963	0.016	-0.0727	-0.0001	-0.0825	0.2	0	4
9.424	-2.079	-6.002	6.963	0.0098	0.0364	0.0078	-0.0039	0.2	0	5
9.424	-2.079	6.002	6.963	0.0098	0.0364	-0.0078	-0.0039	0.2	0	6
9.758	-5.544	-4.001	6.963	0.036	0	-0	0	0.2	0	7
6.972	1.039	0.6	6.868	0.3224	-0.0067	-0.0112	-0.0058	0.2	0.1	0
7.734	1.04	-3.401	6.868	0.1154	0	0	0	0.2	0.1	1
7.734	-2.426	2.601	6.868	-0.3102	0.0001	-0.0002	0	0.2	0.1	2
8.615	4.504	2.601	6.868	0.0781	-0	-0	0	0.2	0.1	3
9.068	-2.425	-5.401	6.868	0.011	0.0312	0.024	0.0004	0.2	0.1	4
9.068	-5.89	0.6	6.868	-0.0602	-0.0543	0.0719	-0.0771	0.2	0.1	5
9.666	-5.89	-3.401	6.868	0.0429	-0	-0	-0	0.2	0.1	6
9.83	-2.426	6.602	6.868	0.0197	0.0254	-0.0015	-0.0026	0.2	0.1	7
9.83	4.505	-5.401	6.868	-0.0055	0.0411	0.0294	-0.0036	0.2	0.1	8
6.842	0.693	1.2	6.7	0.4619	0.0088	0.0154	0.0191	0.2	0.2	0
7.295	0.693	-2.801	6.7	0.2654	-0	0	0	0.2	0.2	1
7.926	-2.772	3.201	6.7	-0.2285	0.0001	-0.0003	0.0002	0.2	0.2	2
8.51	4.158	3.201	6.7	0.1993	-0.0001	0	0.0001	0.2	0.2	3
8.696	-2.772	-4.801	6.7	0.0342	0.0245	0.0425	0.0055	0.2	0.2	4
9.232	4.158	-4.801	6.7	-0.0865	0.1129	0.0397	-0.0482	0.2	0.2	5
9.232	-6.237	1.2	6.7	-0.0857	-0.0221	0.1173	-0.0482	0.2	0.2	6
9.573	-6.237	-2.801	6.7	0.0098	-0	-0	-0	0.2	0.2	7
6.986	0.346	1.8	6.742	0.4856	-0.0153	0.0149	-0.0259	0.2	0.3	0
7.1	0.347	-2.201	6.742	0.5269	-0.0001	-0	-0	0.2	0.3	1
8.344	-3.119	3.801	6.742	0.0423	-0.0001	-0.0001	-0	0.2	0.3	2
8.534	-3.118	-4.201	6.742	0.0293	0.0225	0.0385	0.0081	0.2	0.3	3
8.627	3.811	3.801	6.742	0.299	-0.0003	0.0001	0.0002	0.2	0.3	4
8.81	3.812	-4.201	6.742	0.021	0.1325	0.0025	-0.08	0.2	0.3	5
9.593	-6.583	1.8	6.742	-0.0284	-0.0052	0.0596	-0.0131	0.2	0.3	6
9.676	-6.583	-2.201	6.742	-0.0398	-0	-0	0	0.2	0.3	7
7.08	0	-1.6	6.896	0.4336	0.0001	-0.0004	0.0005	0.2	0.4	0
7.302	-0	2.401	6.896	0.3231	-0.0377	0.0041	-0.0807	0.2	0.4	1
8.517	-3.465	-3.601	6.896	0.0219	0.0182	0.0302	0.0067	0.2	0.4	2
8.517	3.465	-3.601	6.896	0.1551	0.0636	-0.0077	-0.029	0.2	0.4	3
8.885	3.465	4.401	6.896	0.1664	0.0003	-0	-0	0.2	0.4	4
8.885	-3.465	4.401	6.896	0.036	-0	-0	0	0.2	0.4	5
9.907	-6.93	-1.6	6.896	-0.0309	-0.0001	0.0001	-0.0001	0.2	0.4	6
9.907	6.93	-1.6	6.896	0.0294	0.0001	0.0001	0	0.2	0.4	7
6.952	-0.346	-1	6.871	0.3319	-0	0.0001	-0.0001	0.2	0.5	0
7.508	-0.347	3.001	6.873	0.1664	-0.0477	0.0039	-0.1083	0.2	0.5	1
8.122	3.119	-3.001	6.873	0.1757	0.0232	-0.001	0.0052	0.2	0.5	2
8.413	-3.811	-3.001	6.873	0.0618	0.013	0.0259	0.0038	0.2	0.5	3
9.053	3.118	5.001	6.871	-0.0003	0.0001	0	0	0.2	0.5	4
9.314	-3.812	5.001	6.871	0.0067	-0	-0	0	0.2	0.5	5
9.569	6.583	-1	6.871	0.0234	-0	-0	-0	0.2	0.5	6
9.979	6.583	3.001	6.873	0.0413	-0.0056	0.0246	0.0009	0.2	0.5	7
6.754	-0.693	-0.4	6.707	0.3207	-0.0001	-0	-0.0001	0.2	0.6	0
7.646	-0.693	3.601	6.709	-0.0068	-0.0472	0.0111	-0.0972	0.2	0.6	1
7.646	2.772	-2.401	6.709	0.2237	0.0117	0.0023	-0.0033	0.2	0.6	2
8.25	-4.158	-2.401	6.709	0.1443	0.0015	0.0146	0.0002	0.2	0.6	3
9.167	2.772	5.601	6.707	-0.2061	0	0.0001	-0.0001	0.2	0.6	4
9.167	6.237	-0.4	6.707	0.0248	-0	-0	-0	0.2	0.6	5
9.677	2.772	-6.402	6.707	0.0159	-0.0001	0	0	0.2	0.6	6
9.677	-4.158	5.601	6.707	0.0114	0	0	-0	0.2	0.6	7
9.842	6.237	3.601	6.709	0.0364	0.0021	0.012	-0.0009	0.2	0.6	8
6.772	-1.039	0.2	6.689	0.4654	-0	0	0	0.2	0.7	0
7.34	2.426	-1.8	6.69	0.3766	0.0307	0.0149	-0.0564	0.2	0.7	1
7.968	-1.04	4.201	6.69	-0.0327	-0.0204	-0.016	-0.0245	0.2	0.7	2
8.264	-4.504	-1.8	6.69	0.1924	-0.0174	-0.0261	-0.0068	0.2	0.7	3
8.915	5.89	0.2	6.689	0.0294	-0	0	0	0.2	0.7	4
9.181	2.426	-5.802	6.689	0.0124	0	0.0001	-0	0.2	0.7	5
9.439	2.425	6.202	6.689	-0.1858	-0	0	0.0001	0.2	0.7	6
9.854	5.89	4.201	6.69	0.015	0.0095	-0.0007	-0.0032	0.2	0.7	7
9.934	-4.504	-5.802	6.689	0.0322	0	-0	0	0.2	0.7	8
7.078	-1.386	0.8	6.895	0.4359	-0.0002	-0.0001	0.0002	0.2	0.8	0
7.301	2.079	-1.2	6.895	0.3239	0.0226	0.0308	-0.0812	0.2	0.8	1
8.516	-1.386	4.801	6.895	0.0221	0.0169	-0.031	0.0067	0.2	0.8	2
8.516	-4.851	-1.2	6.895	0.1557	-0.0386	-0.0516	-0.0291	0.2	0.8	3
8.883	2.079	-5.201	6.895	0.167	-0.0002	-0.0003	-0.0001	0.2	0.8	4
8.883	5.544	0.8	6.895	0.0361	-0	0	0	0.2	0.8	5
9.906	2.079	6.802	6.895	-0.031	0.0001	-0	-0.0001	0.2	0.8	6
9.906	-4.851	-5.201	6.895	0.0294	0	0	0	0.2	0.8	7
7.219	1.732	-0.6	6.982	0.258	-0.0081	0.0261	-0.078	0.2	0.9	0
7.329	-1.733	1.4	6.982	0.2593	-0	-0	-0	0.2	0.9	1
8.54	1.733	-4.601	6.982	0.2546	-0.0001	-0.0001	-0.0001	0.2	0.9	2
8.725	-5.197	-0.6	6.982	0.1041	-0.0619	-0.0458	-0.06	0.2	0.9	3
8.816	5.197	1.4	6.982	0.0433	-0	0	0	0.2	0.9	4
8.996	-1.733	5.401	6.982	0.0122	0.0334	-0.0211	0.0019	0.2	0.9	5
9.764	-1.732	-6.602	6.982	0.0237	0.0352	-0.0014	-0.0031	0.2	0.9	6
9.846	-5.197	-4.601	6.982	0.0266	-0	0	-0	0.2	0.9	7
7.099	1.386	0	6.963	0.2544	-0.0212	0	-0.0492	0.2	1	0
7.537	-2.079	2.001	6.963	-0.0606	-0.0003	0	0.0001	0.2	1	1
8.149	1.386	-4.001	6.963	0.191	0	0	0	0.2	1	2
8.718	4.851	2.001	6.963	0.0517	-0	0	-0	0.2	1	3
8.9	-5.544	0	6.963	0.016	-0.0727	-0.0001	-0.0825	0.2	1	4
9.424	-2.079	-6.002	6.963	0.0098	0.0364	0.0078	-0.0039	0.2	1	5
9.424	-2.079	6.002	6.963	0.0098	0.0364	-0.0078	-0.0039	0.2	1	6
9.758	-5.544	-4.001	6.963	0.036	0	-0	0	0.2	1	7
7.47	2.079	0	7.175	0.0701	-0.007	0	-0.089	0.3	0	0
7.577	-1.386	2.001	7.175	-0.0206	-0	0.0001	0	0.3	0	1
8.474	2.079	-4.001	7.175	0.121	0	0	0	0.3	0	2
8.661	-4.851	0	7.175	0.1139	-0.0373	0	-0.0283	0.3	0	3
9.286	5.544	2.001	7.175	0.0222	0	-0	-0	0.3	0	4
9.456	-1.386	-6.002	7.175	0.01	0.0274	0.0042	-0.0024	0.3	0	5
9.456	-1.386	6.002	7.175	0.01	0.0273	-0.0042	-0.0024	0.3	0	6
9.541	-4.851	-4.001	7.175	0.0155	-0	-0	-0	0.3	0	7
7.215	1.732	0.6	6.979	0.2599	-0.0088	-0.0266	-0.0787	0.3	0.1	0
7.646	-1.733	2.601	6.979	-0.3815	0.0006	-0.0005	-0	0.3	0.1	1
7.954	1.733	-3.401	6.979	0.0909	0	0	0	0.3	0.1	2
8.722	-5.197	0.6	6.979	0.1056	-0.0617	0.0457	-0.0599	0.3	0.1	3
8.993	-1.732	-5.401	6.979	0.0122	0.0335	0.0211	0.0019	0.3	0.1	4
9.082	5.197	2.601	6.979	0.0279	0	-0	-0	0.3	0.1	5
9.343	-5.197	-3.401	6.979	0.0362	-0	-0	-0	0.3	0.1	6
9.761	-1.733	6.602	6.979	0.0238	0.0352	0.0014	-0.0031	0.3	0.1	7
6.994	1.386	1.2	6.75	0.475	0.0206	-0.0054	-0.0255	0.3	0.2	0
7.437	1.386	-2.801	6.749	0.1026	-0	-0.0001	0	0.3	0.2	1
7.753	-2.079	3.201	6.749	-0.6261	0.0007	-0.0007	0.0001	0.3	0.2	2
8.54	-2.079	-4.801	6.75	0.0287	0.0219	0.0381	0.008	0.3	0.2	3
8.817	-5.544	1.2	6.75	0.0214	-0.0627	0.1139	-0.0786	0.3	0.2	4
8.906	4.851	3.201	6.749	0.0407	0	-0	-0	0.3	0.2	5
9.172	-5.544	-2.801	6.749	0.0256	0	0.0001	-0	0.3	0.2	6
9.599	4.851	-4.801	6.75	-0.028	0.0532	0.0249	-0.013	0.3	0.2	7
6.873	1.039	1.8	6.551	0.4904	0.0376	0.065	0.0122	0.3	0.3	0
6.988	1.04	-2.201	6.551	0.3657	-0	-0	-0	0.3	0.3	1
7.952	-2.426	3.801	6.551	-0.2388	0.0001	0	0	0.3	0.3	2
8.151	-2.425	-4.201	6.551	-0.0456	0.0036	0.0063	-0.0015	0.3	0.3	3
8.812	4.504	3.801	6.551	0.1008	0	-0	-0	0.3	0.3	4
8.992	4.505	-4.201	6.551	-0.0569	0.1244	0.0337	-0.0503	0.3	0.3	5
8.992	-5.89	1.8	6.551	-0.057	-0.033	0.1246	-0.0503	0.3	0.3	6
9.08	-5.89	-2.201	6.551	-0.1026	-0	-0	-0	0.3	0.3	7
6.894	0.693	-1.6	6.669	0.5183	0	0.0001	-0	0.3	0.4	0
7.122	0.693	2.401	6.67	0.3749	-0.0039	0.0488	-0.026	0.3	0.4	1
8.071	-2.772	-3.601	6.67	-0.1379	0.0185	-0.0187	-0.0157	0.3	0.4	2
8.458	-2.772	4.401	6.669	0.055	0	-0	0	0.3	0.4	3
8.645	4.158	-3.601	6.67	0.0838	0.0908	0.0078	-0.0442	0.3	0.4	4
9.008	4.158	4.401	6.669	0.1035	0.0003	0.0001	-0	0.3	0.4	5
9.271	-6.237	-1.6	6.669	-0.1762	0	0.0002	-0.0001	0.3	0.4	6
9.442	-6.237	2.401	6.67	-0.026	-0.007	0.0441	-0.0125	0.3	0.4	7
6.773	0.347	-1	6.69	0.4657	0	-0	-0	0.3	0.5	0
7.341	0.346	3.001	6.691	0.3759	-0.0282	0.0197	-0.0566	0.3	0.5	1
7.968	-3.118	-3.001	6.691	-0.0334	0.0239	-0.0101	-0.0248	0.3	0.5	2
8.264	3.812	-3.001	6.691	0.1924	0.0315	-0.002	-0.0068	0.3	0.5	3
8.916	-3.119	5.001	6.69	0.0294	-0	-0	-0	0.3	0.5	4
9.181	3.811	5.001	6.69	0.0125	0	-0	-0.0001	0.3	0.5	5
9.439	-6.583	-1	6.69	-0.1864	0	-0	0	0.3	0.5	6
9.854	-6.584	3.001	6.691	0.0151	-0.0041	0.0085	-0.0032	0.3	0.5	7
9.935	7.276	-1	6.69	0.0323	-0	-0	0	0.3	0.5	8
6.558	0	-0.4	6.546	0.359	-0	0	-0	0.3	0.6	0
7.473	-0	3.601	6.548	0.3934	-0.02	-0.0047	-0.0617	0.3	0.6	1
7.787	-3.465	-2.401	6.548	0.2281	0.0157	0.0124	-0.0237	0.3	0.6	2
7.787	3.465	-2.401	6.548	0.2888	-0.0116	-0.0026	0.0038	0.3	0.6	3
9.286	3.465	5.601	6.546	-0.165	0	-0	0	0.3	0.6	4
9.286	-3.465	5.601	6.546	0.0136	0	0	-0	0.3	0.6	5
9.541	-6.93	-0.4	6.546	-0.1474	0	-0	-0	0.3	0.6	6
9.541	6.93	-0.4	6.546	0.031	-0	-0	-0	0.3	0.6	7
9.789	-3.465	-6.402	6.546	0.0179	-0	0	0	0.3	0.6	8
9.789	3.465	-6.402	6.546	0.0169	-0	0	0	0.3	0.6	9
6.558	-0.347	0.2	6.546	0.3591	-0	0	-0	0.3	0.7	0
7.473	3.119	-1.8	6.548	0.3934	0.0059	0.0197	-0.0617	0.3	0.7	1
7.787	-0.347	4.201	6.548	0.2281	0.0029	-0.0198	-0.0237	0.3	0.7	2
7.787	-3.811	-1.8	6.548	0.2888	0.0036	0.0114	0.0038	0.3	0.7	3
9.286	3.119	-5.802	6.546	-0.165	-0	-0	-0	0.3	0.7	4
9.286	6.583	0.2	6.546	0.0136	-0	0	-0	0.3	0.7	5
9.541	3.118	6.202	6.546	-0.1474	-0	-0	-0	0.3	0.7	6
9.541	-3.811	-5.802	6.546	0.031	-0	0	-0	0.3	0.7	7
9.789	-3.812	6.202	6.546	0.0179	0	0	0	0.3	0.7	8
9.789	-7.276	0.2	6.546	0.0169	0	-0	0	0.3	0.7	9
6.952	-0.693	0.8	6.871	0.3319	0	-0.0001	-0.0001	0.3	0.8	0
7.508	2.772	-1.2	6.873	0.1664	0.0272	0.0394	-0.1083	0.3	0.8	1
8.122	-4.158	-1.2	6.873	0.1757	-0.0125	-0.0197	0.0052	0.3	0.8	2
8.413	-0.693	4.801	6.873	0.0618	0.0159	-0.0242	0.0038	0.3	0.8	3
9.053	2.772	-5.201	6.871	-0.0004	-0	-0.0001	0	0.3	0.8	4
9.314	6.237	0.8	6.871	0.0067	-0	0	0	0.3	0.8	5
9.569	-4.158	-5.201	6.871	0.0234	0	0	-0	0.3	0.8	6
9.979	-0.693	-7.202	6.873	0.0413	0.0241	-0.0075	0.0009	0.3	0.8	7
7.308	-1.04	1.4	7.097	0.2014	0	0	-0	0.3	0.9	0
7.524	2.425	-0.6	7.097	0.0369	0.0049	0.0272	-0.1097	0.3	0.9	1
8.427	-4.504	-0.6	7.097	0.1367	-0.0256	-0.018	-0.0108	0.3	0.9	2
8.799	2.426	-4.601	7.097	0.1115	0.0001	0.0001	0.0001	0.3	0.9	3
8.979	-1.04	5.401	7.097	0.0164	0.023	-0.0134	0.0016	0.3	0.9	4
9.329	5.89	1.4	7.097	0.0157	0	-0.0001	-0	0.3	0.9	5
9.583	-4.504	-4.601	7.097	0.0102	-0	0	-0	0.3	0.9	6
9.748	-1.039	-6.602	7.097	0.0204	0.0259	-0.0037	-0.0028	0.3	0.9	7
7.47	2.079	0	7.175	0.0701	-0.007	0	-0.089	0.3	1	0
7.577	-1.386	2.001	7.175	-0.0206	-0	0.0001	0	0.3	1	1
8.474	2.079	-4.001	7.175	0.121	0	0	0	0.3	1	2
8.661	-4.851	0	7.175	0.1139	-0.0373	0	-0.0283	0.3	1	3
9.286	5.544	2.001	7.175	0.0222	0	-0	-0	0.3	1	4
9.456	-1.386	-6.002	7.175	0.01	0.0274	0.0042	-0.0024	0.3	1	5
9.456	-1.386	6.002	7.175	0.01	0.0273	-0.0042	-0.0024	0.3	1	6
9.541	-4.851	-4.001	7.175	0.0155	-0	-0	-0	0.3	1	7
7.476	-0.693	2.001	7.17	0.0752	-0.0001	-0.0001	0.0001	0.4	0	0
7.687	2.772	0	7.17	-0.155	0.0117	-0.0001	-0.1118	0.4	0	1
8.288	-4.158	0	7.17	0.101	-0.0143	-0.0001	-0.0015	0.4	0	2
8.666	2.772	-4.001	7.17	0.0401	-0	-0.0001	-0	0.4	0	3
9.203	-4.158	-4.001	7.17	0.0046	0	0	0	0.4	0	4
9.376	-0.693	-6.002	7.17	0.0122	0.0179	0.0003	-0.0029	0.4	0	5
9.376	-0.693	6.002	7.17	0.0122	0.018	-0.0004	-0.0029	0.4	0	6
9.711	6.237	2.001	7.17	0.0155	-0	0.0001	0	0.4	0	7
7.522	2.425	0.6	7.094	0.0367	0.0066	-0.0269	-0.1098	0.4	0.1	0
7.628	-1.04	2.601	7.095	-0.1204	0	-0	-0.0001	0.4	0.1	1
8.233	2.426	-3.401	7.095	0.0535	-0.0001	-0	-0	0.4	0.1	2
8.425	-4.504	0.6	7.094	0.138	-0.026	0.0182	-0.0109	0.4	0.1	3
8.977	-1.039	-5.401	7.094	0.0165	0.0232	0.0135	0.0016	0.4	0.1	4
9.066	-4.504	-3.401	7.095	0.0253	0	0	-0	0.4	0.1	5
9.581	5.89	2.601	7.095	0.0199	-0	0	0	0.4	0.1	6
9.747	-1.04	6.602	7.094	0.0203	0.0261	0.0037	-0.0028	0.4	0.1	7
7.278	2.079	1.2	6.871	0.3452	0.0233	-0.033	-0.0851	0.4	0.2	0
7.706	-1.386	3.201	6.871	-0.4014	-0.0003	0.0007	-0.0001	0.4	0.2	1
7.706	2.079	-2.801	6.871	0.0598	-0	0	-0	0.4	0.2	2
8.496	-1.386	-4.801	6.871	0.0223	0.0173	0.0323	0.0069	0.4	0.2	3
8.496	-4.851	1.2	6.871	0.1649	-0.0406	0.0545	-0.0305	0.4	0.2	4
8.865	-4.851	-2.801	6.871	0.0516	-0	0	-0	0.4	0.2	5
9.391	5.544	3.201	6.871	0.0055	-0	0.0001	0	0.4	0.2	6
7.124	1.732	1.8	6.671	0.3743	0.0442	0.0209	-0.0259	0.4	0.3	0
7.236	1.733	-2.201	6.672	0.2004	0.0001	0	-0	0.4	0.3	1
7.872	-1.733	3.801	6.672	-0.3602	0	0	-0.0001	0.4	0.3	2
8.072	-1.732	-4.201	6.671	-0.1369	-0.0251	0.0068	-0.0156	0.4	0.3	3
8.646	-5.197	1.8	6.671	0.0835	-0.0384	0.0819	-0.0439	0.4	0.3	4
8.739	-5.197	-2.201	6.672	-0.0438	0.0001	0	0	0.4	0.3	5
9.272	5.197	3.801	6.672	-0.0232	0	0	-0	0.4	0.3	6
9.443	5.198	-4.201	6.671	-0.0258	0.0418	0.0159	-0.0125	0.4	0.3	7
7.005	1.386	-1.6	6.677	0.3581	0.0001	-0.0001	-0	0.4	0.4	0
7.23	1.386	2.401	6.677	0.1637	0.0258	0.0446	-0.0127	0.4	0.4	1
7.866	-2.079	-3.601	6.677	-0.513	-0.0352	-0.0609	-0.0691	0.4	0.4	2
8.263	-2.079	4.401	6.677	-0.0377	-0	0.0002	-0.0001	0.4	0.4	3
8.825	-5.544	-1.6	6.677	-0.2131	0.0001	-0	0	0.4	0.4	4
9.005	4.851	-3.601	6.677	-0.0026	0.0518	0.014	-0.0225	0.4	0.4	5
9.005	-5.544	2.401	6.677	-0.0027	-0.0138	0.0519	-0.0225	0.4	0.4	6
9.354	4.851	4.401	6.677	-0.0078	-0	-0	-0	0.4	0.4	7
6.963	1.04	-1	6.812	0.3093	-0.0001	0.0001	-0.0001	0.4	0.5	0
7.517	1.039	3.001	6.813	0.1344	-0.0019	0.0264	-0.0116	0.4	0.5	1
7.83	-2.425	-3.001	6.813	-0.3639	0.0005	-0.0506	-0.0839	0.4	0.5	2
8.701	4.505	-3.001	6.813	0.0603	0.0211	-0.0006	-0.0124	0.4	0.5	3
8.792	-2.426	5.001	6.812	0.0239	0	0.0001	-0.0001	0.4	0.5	4
9.061	-5.89	-1	6.812	-0.2004	0.0001	0.0001	-0	0.4	0.5	5
9.493	-5.891	3.001	6.813	0.0019	-0.006	0.0146	-0.007	0.4	0.5	6
9.577	4.504	5.001	6.812	0.0121	0.0001	-0	-0.0001	0.4	0.5	7
6.751	0.693	-0.4	6.703	0.3236	-0	0	0	0.4	0.6	0
7.642	0.693	3.601	6.704	0.2258	-0.0079	0.0089	-0.0032	0.4	0.6	1
7.642	-2.772	-2.401	6.704	-0.0079	0.0152	-0.0459	-0.098	0.4	0.6	2
8.246	4.158	-2.401	6.704	0.1455	-0.0134	-0.0061	0.0001	0.4	0.6	3
9.165	-2.772	5.601	6.703	0.0252	-0	0	0	0.4	0.6	4
9.165	-6.237	-0.4	6.703	-0.212	0.0001	-0.0001	0	0.4	0.6	5
9.674	-2.772	-6.402	6.703	0.0115	0	0	0	0.4	0.6	6
9.674	4.158	5.601	6.703	0.0147	-0	-0	-0	0.4	0.6	7
9.84	-6.237	3.601	6.704	0.0367	-0.0115	-0.0042	-0.0009	0.4	0.6	8
6.558	0.346	0.2	6.546	0.3591	-0	-0	-0	0.4	0.7	0
7.473	-3.118	-1.8	6.548	0.3934	0.0141	-0.0149	-0.0617	0.4	0.7	1
7.787	0.346	4.201	6.548	0.2888	0.008	-0.0088	0.0038	0.4	0.7	2
7.788	3.812	-1.8	6.548	0.2281	-0.0186	0.0073	-0.0237	0.4	0.7	3
9.286	-3.118	-5.802	6.546	0.0136	-0	0	-0	0.4	0.7	4
9.286	-6.583	0.2	6.546	-0.165	-0	0	0	0.4	0.7	5
9.541	-3.119	6.202	6.546	0.031	0	0	-0	0.4	0.7	6
9.541	3.812	-5.802	6.546	-0.1475	0	-0	-0	0.4	0.7	7
9.789	3.811	6.202	6.546	0.0169	-0	-0	0	0.4	0.7	8
9.789	7.276	0.2	6.546	0.0179	-0	-0	-0	0.4	0.7	9
6.754	-0	0.8	6.706	0.3211	-0	0	-0.0002	0.4	0.8	0
7.645	-3.465	-1.2	6.708	0.2237	-0.0038	-0.0113	-0.0033	0.4	0.8	1
7.645	3.465	-1.2	6.708	-0.0078	0.0335	0.0352	-0.0974	0.4	0.8	2
8.249	-0	4.801	6.708	0.1445	0.0119	-0.0086	0.0002	0.4	0.8	3
9.167	-3.465	-5.201	6.706	0.0249	-0	0	-0	0.4	0.8	4
9.167	3.465	-5.201	6.706	-0.2066	0	0	-0.0001	0.4	0.8	5
9.677	6.93	0.8	6.706	0.0114	-0	-0	0	0.4	0.8	6
9.677	-6.93	0.8	6.706	0.0155	0.0001	0	0.0001	0.4	0.8	7
9.842	0	-7.202	6.708	0.0365	0.0094	-0.0079	-0.0009	0.4	0.8	8
7.121	-0.347	1.4	6.973	0.2241	0.0001	-0.0001	-0.0002	0.4	0.9	0
7.663	3.118	-0.6	6.974	-0.2373	0.029	0.0279	-0.1288	0.4	0.9	1
7.97	-3.811	-0.6	6.974	0.1114	-0.0098	-0.0109	0.0043	0.4	0.9	2
8.828	-0.347	5.401	6.974	0.0355	0.014	-0.0052	-0.0019	0.4	0.9	3
8.917	3.119	-4.601	6.973	-0.0489	0.0001	-0	0	0.4	0.9	4
9.183	-3.811	-4.601	6.973	0.0083	-0	0	-0	0.4	0.9	5
9.609	-0.346	-6.602	6.974	0.0197	0.0142	-0.0067	-0.004	0.4	0.9	6
9.692	6.583	1.4	6.973	0.0136	0	-0	0	0.4	0.9	7
7.476	-0.693	2.001	7.17	0.0752	-0.0001	-0.0001	0.0001	0.4	1	0
7.687	2.772	0	7.17	-0.155	0.0117	-0.0001	-0.1118	0.4	1	1
8.288	-4.158	0	7.17	0.101	-0.0143	-0.0001	-0.0015	0.4	1	2
8.666	2.772	-4.001	7.17	0.0401	-0	-0.0001	-0	0.4	1	3
9.203	-4.158	-4.001	7.17	0.0046	0	0	0	0.4	1	4
9.376	-0.693	-6.002	7.17	0.0122	0.0179	0.0003	-0.0029	0.4	1	5
9.376	-0.693	6.002	7.17	0.0122	0.018	-0.0004	-0.0029	0.4	1	6
9.711	6.237	2.001	7.17	0.0155	-0	0.0001	0	0.4	1	7
7.239	-0	2.001	6.957	0.2274	-0.0001	-0.0001	0.0001	0.5	0	0
7.772	-3.465	0	6.957	0.0658	-0.0134	-0	-0.0027	0.5	0	1
7.772	3.465	0	6.957	-0.4613	0.0378	-0.0001	-0.1192	0.5	0	2
8.741	-3.465	-4.001	6.957	-0.003	0.0001	0.0001	0.0001	0.5	0	3
8.741	3.465	-4.001	6.957	-0.0889	-0	-0.0001	-0.0001	0.5	0	4
9.188	0	-6.002	6.957	0.013	0.001	-0.0086	-0.0076	0.5	0	5
9.188	-0	6.002	6.957	0.013	0.001	0.0086	-0.0076	0.5	0	6
7.443	-0.347	2.601	6.965	0.1769	0.0002	-0.0002	-0.0001	0.5	0.1	0
7.654	3.118	0.6	6.964	-0.2473	0.0281	-0.0292	-0.1321	0.5	0.1	1
7.962	-3.811	0.6	6.964	0.1131	-0.0098	0.0111	0.0045	0.5	0.1	2
8.355	3.119	-3.401	6.965	0.009	0	-0	0	0.5	0.1	3
8.637	-3.811	-3.401	6.965	0.029	-0	0	-0	0.5	0.1	4
8.82	-0.346	-5.401	6.964	0.0362	0.0143	0.0054	-0.0019	0.5	0.1	5
9.602	-0.347	6.602	6.964	0.0201	0.0145	0.0068	-0.004	0.5	0.1	6
9.931	6.583	2.601	6.965	0.0338	0	-0	0	0.5	0.1	7
7.504	2.772	1.2	6.869	0.171	0.0298	-0.039	-0.1095	0.5	0.2	0
7.611	-0.693	3.201	6.87	0.088	-0.0001	0.0003	-0.0001	0.5	0.2	1
7.92	2.772	-2.801	6.87	0.0842	0.0001	0	-0	0.5	0.2	2
8.118	-4.158	1.2	6.869	0.1791	-0.0127	0.0202	0.0054	0.5	0.2	3
8.409	-0.693	-4.801	6.869	0.0624	0.0161	0.0246	0.0038	0.5	0.2	4
8.505	-4.158	-2.801	6.87	0.1062	0	0	-0	0.5	0.2	5
9.815	6.237	3.201	6.87	0.0285	0	-0	-0	0.5	0.2	6
9.976	-0.693	7.202	6.869	0.0418	0.0244	0.0076	0.001	0.5	0.2	7
7.341	2.425	1.8	6.691	0.376	0.0307	-0.0147	-0.0564	0.5	0.3	0
7.45	2.426	-2.201	6.692	0.2868	0	0	0	0.5	0.3	1
7.766	-1.04	3.801	6.692	-0.0028	-0	0.0001	-0.0001	0.5	0.3	2
7.968	-1.039	-4.201	6.691	-0.0325	-0.0204	0.0156	-0.0247	0.5	0.3	3
8.264	-4.505	1.8	6.691	0.1924	-0.0173	0.0261	-0.0067	0.5	0.3	4
8.362	-4.504	-2.201	6.692	0.0969	0.0001	0.0001	0	0.5	0.3	5
9.692	5.89	3.801	6.692	0.0091	0	-0	-0	0.5	0.3	6
9.854	5.891	-4.201	6.691	0.0151	0.0095	0.0007	-0.0032	0.5	0.3	7
7.303	2.079	-1.6	6.815	0.3356	0.0002	-0.0001	-0.0001	0.5	0.4	0
7.517	2.079	2.401	6.813	0.1351	0.0238	0.0115	-0.0115	0.5	0.4	1
7.83	-1.386	-3.601	6.813	-0.3638	-0.0438	-0.025	-0.0842	0.5	0.4	2
8.23	-1.386	4.401	6.815	-0.0146	-0.0002	0.0006	-0.0004	0.5	0.4	3
8.517	-4.851	-1.6	6.815	-0.0511	0.0001	-0.0001	0	0.5	0.4	4
8.702	-4.851	2.401	6.813	0.0605	-0.0111	0.018	-0.0124	0.5	0.4	5
9.493	5.544	-3.601	6.813	0.0019	0.0157	0.0022	-0.0071	0.5	0.4	6
9.826	5.544	4.401	6.815	0.0033	0	-0	-0	0.5	0.4	7
7.215	1.733	-1	6.932	0.2389	0.0002	-0.0001	-0.0001	0.5	0.5	0
7.75	-1.732	-3.001	6.932	-0.4965	-0.0206	-0.0354	-0.1253	0.5	0.5	1
7.75	1.732	3.001	6.932	0.0672	0.0068	0.0117	-0.0027	0.5	0.5	2
8.722	-1.733	5.001	6.932	-0.0036	0	0.0001	-0	0.5	0.5	3
8.722	-5.197	-1	6.932	-0.0935	0	-0.0001	0.0001	0.5	0.5	4
9.169	5.198	-3.001	6.932	0.0133	0.0073	-0.0053	-0.0079	0.5	0.5	5
9.169	-5.198	3.001	6.932	0.0134	-0.0083	0.0036	-0.0079	0.5	0.5	6
7.121	1.386	-0.4	6.973	0.2242	-0.0002	-0	-0.0001	0.5	0.6	0
7.663	-2.079	-2.401	6.974	-0.2381	0.0104	-0.0384	-0.1288	0.5	0.6	1
7.971	1.386	3.601	6.974	0.1113	-0.0046	0.0138	0.0043	0.5	0.6	2
8.828	4.851	-2.401	6.974	0.0354	-0.0115	-0.0095	-0.0018	0.5	0.6	3
8.918	-5.544	-0.4	6.973	-0.0497	-0.0001	-0	0	0.5	0.6	4
9.183	-2.079	5.601	6.973	0.0082	0.0001	0	-0	0.5	0.6	5
9.61	-5.544	3.601	6.974	0.0197	-0.0128	-0.0089	-0.004	0.5	0.6	6
9.692	-2.079	-6.402	6.973	0.0136	-0	0	-0	0.5	0.6	7
6.952	1.039	0.2	6.871	0.3336	-0	-0	-0.0001	0.5	0.7	0
7.506	-2.425	-1.8	6.872	0.168	0.0201	-0.0443	-0.1091	0.5	0.7	1
8.121	1.039	4.201	6.872	0.1771	-0.0109	0.0209	0.0052	0.5	0.7	2
8.412	4.505	-1.8	6.872	0.0619	-0.0292	-0.0017	0.0039	0.5	0.7	3
9.052	-5.89	0.2	6.871	0.0001	-0	-0.0001	0	0.5	0.7	4
9.314	-2.425	-5.802	6.871	0.0067	-0	-0	-0	0.5	0.7	5
9.568	-2.426	6.202	6.871	0.0235	0	-0	-0	0.5	0.7	6
9.978	-5.891	4.201	6.872	0.0415	-0.0187	-0.0173	0.0009	0.5	0.7	7
6.773	0.693	0.8	6.69	0.4647	0	-0	0	0.5	0.8	0
7.341	-2.772	-1.2	6.691	0.3758	-0.0025	-0.034	-0.0564	0.5	0.8	1
7.968	4.158	-1.2	6.691	-0.0325	-0.0038	0.0255	-0.0245	0.5	0.8	2
8.264	0.693	4.801	6.691	0.1922	-0.0139	0.0281	-0.0067	0.5	0.8	3
8.916	-2.772	-5.201	6.69	0.0294	0	0	0	0.5	0.8	4
9.181	-6.237	0.8	6.69	0.0128	0	-0	-0	0.5	0.8	5
9.439	4.158	-5.201	6.69	-0.1856	0	0	0	0.5	0.8	6
9.855	0.693	-7.202	6.691	0.015	-0.0053	-0.0079	-0.0032	0.5	0.8	7
9.935	-2.772	6.802	6.69	0.0321	0	0	0	0.5	0.8	8
6.965	0.346	1.4	6.813	0.3103	0	0	-0.0001	0.5	0.9	0
7.517	-3.118	-0.6	6.813	0.1352	-0.022	-0.0149	-0.0116	0.5	0.9	1
7.83	3.811	-0.6	6.813	-0.3653	0.0436	0.0257	-0.0843	0.5	0.9	2
8.702	0.346	5.401	6.813	0.0604	-0.0101	0.0187	-0.0124	0.5	0.9	3
8.793	-3.118	-4.601	6.813	0.0241	-0.0001	0	-0	0.5	0.9	4
9.062	3.812	-4.601	6.813	-0.2015	-0.0001	0	-0	0.5	0.9	5
9.493	0.347	-6.602	6.813	0.0018	-0.0097	-0.0125	-0.007	0.5	0.9	6
9.577	-6.583	1.4	6.813	0.0118	-0	0.0001	-0.0001	0.5	0.9	7
7.239	-0	2.001	6.957	0.2274	-0.0001	-0.0001	0.0001	0.5	1	0
7.772	-3.465	0	6.957	0.0658	-0.0134	-0	-0.0027	0.5	1	1
7.772	3.465	0	6.957	-0.4613	0.0378	-0.0001	-0.1192	0.5	1	2
8.741	-3.465	-4.001	6.957	-0.003	0.0001	0.0001	0.0001	0.5	1	3
8.741	3.465	-4.001	6.957	-0.0889	-0	-0.0001	-0.0001	0.5	1	4
9.188	0	-6.002	6.957	0.013	0.001	-0.0086	-0.0076	0.5	1	5
9.188	-0	6.002	6.957	0.013	0.001	0.0086	-0.0076	0.5	1	6
7.002	0.693	2.001	6.675	0.3592	0	0.0001	-0.0001	0.6	0	0
7.227	-2.772	0	6.675	0.1645	-0.0517	0	-0.0126	0.6	0	1
7.864	4.158	0	6.675	-0.5205	0.069	-0	-0.0688	0.6	0	2
8.261	-2.772	-4.001	6.675	-0.0385	-0.0002	-0.0001	-0.0001	0.6	0	3
8.823	4.158	-4.001	6.675	-0.2162	-0	0.0001	0	0.6	0	4
9.003	0.693	6.002	6.675	-0.0029	-0.0383	0.0382	-0.0227	0.6	0	5
9.003	0.693	-6.002	6.675	-0.0029	-0.0383	-0.0381	-0.0227	0.6	0	6
9.352	-6.237	2.001	6.675	-0.0079	-0	-0	-0	0.6	0	7
7.302	0.346	2.601	6.814	0.3354	-0.0001	0.0004	-0	0.6	0.1	0
7.517	-3.118	0.6	6.813	0.135	-0.0216	0.0146	-0.0116	0.6	0.1	1
7.83	3.811	0.6	6.813	-0.3629	0.0423	-0.0255	-0.0836	0.6	0.1	2
8.229	-3.118	-3.401	6.814	-0.0143	-0.0001	-0.0005	-0.0003	0.6	0.1	3
8.516	3.812	-3.401	6.814	-0.0507	0.0004	0.0002	-0.0001	0.6	0.1	4
8.701	0.347	-5.401	6.813	0.0603	-0.01	-0.0187	-0.0124	0.6	0.1	5
9.493	0.346	6.602	6.813	0.0018	-0.0097	0.0125	-0.0071	0.6	0.1	6
9.825	-6.584	2.601	6.814	0.0034	0	-0	0	0.6	0.1	7
7.432	-0	3.201	6.708	0.493	-0.0004	0.0011	-0.0004	0.6	0.2	0
7.644	3.465	1.2	6.707	-0.0074	0.032	-0.036	-0.0972	0.6	0.2	1
7.644	-3.465	1.2	6.707	0.2255	-0.0037	0.0113	-0.0032	0.6	0.2	2
8.052	-3.465	-2.801	6.708	0.1942	0.0003	0.0004	0.0003	0.6	0.2	3
8.052	3.465	-2.801	6.708	0.1199	0.0003	0	-0.0001	0.6	0.2	4
8.248	0	-4.801	6.707	0.1445	0.0119	0.0086	0.0001	0.6	0.2	5
9.841	-0	7.202	6.707	0.0363	0.0095	0.0078	-0.0009	0.6	0.2	6
7.473	3.118	1.8	6.548	0.3934	0.006	-0.0198	-0.0617	0.6	0.3	0
7.581	-0.347	3.801	6.55	0.546	0.0001	-0	0	0.6	0.3	1
7.581	3.119	-2.201	6.55	0.4623	-0	-0	-0	0.6	0.3	2
7.787	-0.346	-4.201	6.548	0.228	0.0028	0.0198	-0.0237	0.6	0.3	3
7.787	-3.812	1.8	6.548	0.2888	0.0035	-0.0113	0.0038	0.6	0.3	4
7.891	-3.811	-2.201	6.55	0.3602	-0	0	0	0.6	0.3	5
7.43	2.772	-1.6	6.705	0.4972	-0.0003	-0	0	0.6	0.4	0
7.641	-0.693	-3.601	6.704	-0.0072	-0.0476	-0.0112	-0.098	0.6	0.4	1
7.641	2.772	2.401	6.704	0.2256	0.0118	-0.0024	-0.0032	0.6	0.4	2
8.05	-0.693	4.401	6.705	0.1955	-0	0.0002	-0.0002	0.6	0.4	3
8.05	-4.158	-1.6	6.705	0.1203	0.0001	0.0001	0	0.6	0.4	4
8.246	-4.158	2.401	6.704	0.1455	0.0015	-0.0148	0.0002	0.6	0.4	5
9.839	6.237	-3.601	6.704	0.0367	0.0021	-0.0121	-0.0009	0.6	0.4	6
7.442	2.426	-1	6.964	0.1774	0.0001	-0.0001	-0	0.6	0.5	0
7.653	-1.039	-3.001	6.963	-0.2472	-0.0393	-0.0095	-0.1321	0.6	0.5	1
7.961	2.425	3.001	6.963	0.1132	0.0144	0.0029	0.0045	0.6	0.5	2
8.354	-4.504	-1	6.964	0.0091	-0	-0	0	0.6	0.5	3
8.637	-1.04	5.001	6.964	0.029	0	-0	0	0.6	0.5	4
8.819	-4.505	3.001	6.963	0.0362	-0.0025	-0.015	-0.0019	0.6	0.5	5
9.602	5.891	-3.001	6.963	0.0201	-0.0014	-0.016	-0.004	0.6	0.5	6
9.93	-1.039	-7.002	6.964	0.0338	-0	0	0	0.6	0.5	7
7.45	2.079	-0.4	7.143	0.0774	0.0002	-0	0.0001	0.6	0.6	0
7.662	-1.386	-2.401	7.143	-0.1689	-0.0062	-0.0106	-0.1181	0.6	0.6	1
8.265	2.079	3.601	7.143	0.1064	0.0074	0.0129	-0.0014	0.6	0.6	2
8.644	-4.851	-0.4	7.143	0.043	-0	-0.0001	0	0.6	0.6	3
9.183	-1.386	5.601	7.143	0.0044	0	0	-0	0.6	0.6	4
9.355	-4.851	3.601	7.143	0.0126	-0.0091	-0.0165	-0.003	0.6	0.6	5
9.355	5.544	-2.401	7.143	0.0126	-0.0097	-0.0161	-0.003	0.6	0.6	6
9.692	-1.386	-6.402	7.143	0.0166	-0	0	0	0.6	0.6	7
7.285	1.732	0.2	7.073	0.2106	-0.0003	-0.0002	-0.0003	0.6	0.7	0
7.502	-1.732	-1.8	7.074	0.0358	0.0214	-0.0196	-0.115	0.6	0.7	1
8.407	1.732	4.201	7.074	0.144	-0.0029	0.033	-0.0114	0.6	0.7	2
8.78	-5.197	0.2	7.073	0.1182	0	0.0001	0	0.6	0.7	3
8.961	5.197	-1.8	7.074	0.017	-0.0242	-0.0139	0.0017	0.6	0.7	4
9.311	-1.732	-5.802	7.073	0.0162	0	0	0	0.6	0.7	5
9.565	-1.733	6.202	7.073	0.011	0	0	-0	0.6	0.7	6
9.731	-5.198	4.201	7.074	0.0215	-0.017	-0.0216	-0.0029	0.6	0.7	7
7.06	1.386	0.8	6.876	0.4558	0	-0.0001	-0.0001	0.6	0.8	0
7.284	-2.079	-1.2	6.877	0.3392	0.0167	-0.036	-0.0843	0.6	0.8	1
8.501	1.386	4.801	6.877	0.162	-0.0263	0.0612	-0.0298	0.6	0.8	2
8.501	4.851	-1.2	6.877	0.0223	-0.0362	0.0011	0.0069	0.6	0.8	3
8.869	-2.079	-5.201	6.876	0.0371	-0	-0	-0	0.6	0.8	4
8.869	-5.544	0.8	6.876	0.1732	0.0001	-0.0001	0	0.6	0.8	5
9.893	-2.079	6.802	6.876	0.0303	0	0	-0	0.6	0.8	6
9.893	4.851	-5.201	6.876	-0.0319	0	-0	0	0.6	0.8	7
6.892	1.039	1.4	6.668	0.5187	0	0.0001	0.0001	0.6	0.9	0
7.12	-2.425	-0.6	6.667	0.3755	-0.0403	-0.0277	-0.026	0.6	0.9	1
8.069	4.504	-0.6	6.667	-0.1373	0.0077	0.0253	-0.016	0.6	0.9	2
8.457	-2.425	-4.601	6.668	0.055	0.0001	0.0001	0	0.6	0.9	3
8.643	1.039	5.401	6.667	0.0841	-0.0519	0.0743	-0.0439	0.6	0.9	4
9.007	-5.89	1.4	6.668	0.1032	-0.0002	0.0001	-0.0001	0.6	0.9	5
9.269	4.505	-4.601	6.668	-0.1749	-0.0001	-0.0001	-0	0.6	0.9	6
9.44	1.04	-6.602	6.667	-0.0258	-0.0347	-0.0282	-0.0125	0.6	0.9	7
7.002	0.693	2.001	6.675	0.3592	0	0.0001	-0.0001	0.6	1	0
7.227	-2.772	0	6.675	0.1645	-0.0517	0	-0.0126	0.6	1	1
7.864	4.158	0	6.675	-0.5205	0.069	-0	-0.0688	0.6	1	2
8.261	-2.772	-4.001	6.675	-0.0385	-0.0002	-0.0001	-0.0001	0.6	1	3
8.823	4.158	-4.001	6.675	-0.2162	-0	0.0001	0	0.6	1	4
9.003	0.693	6.002	6.675	-0.0029	-0.0383	0.0382	-0.0227	0.6	1	5
9.003	0.693	-6.002	6.675	-0.0029	-0.0383	-0.0381	-0.0227	0.6	1	6
9.352	-6.237	2.001	6.675	-0.0079	-0	-0	-0	0.6	1	7
6.873	-2.079	0	6.551	0.4903	-0.075	0	0.0121	0.7	0	0
6.988	1.386	2.001	6.551	0.3657	-0	-0	-0	0.7	0	1
7.952	-2.079	-4.001	6.551	-0.2386	-0.0001	0.0001	0	0.7	0	2
8.151	4.851	0	6.551	-0.0455	-0.0073	-0.0001	-0.0015	0.7	0	3
8.812	-5.544	2.001	6.551	0.1009	0	0	-0	0.7	0	4
8.992	1.386	6.002	6.551	-0.0569	-0.0912	0.0909	-0.0502	0.7	0	5
8.992	1.386	-6.002	6.551	-0.0569	-0.0912	-0.0909	-0.0502	0.7	0	6
9.08	4.851	-4.001	6.551	-0.1026	-0	-0	-0	0.7	0	7
7.123	-2.425	0.6	6.67	0.3746	-0.0405	0.0279	-0.026	0.7	0.1	0
7.235	1.039	2.601	6.671	0.2007	0	-0.0001	0	0.7	0.1	1
7.871	-2.425	-3.401	6.671	-0.3607	0.0003	0.0006	0.0002	0.7	0.1	2
8.071	4.504	0.6	6.67	-0.1368	0.0076	-0.0253	-0.016	0.7	0.1	3
8.646	1.04	-5.401	6.67	0.0834	-0.0518	-0.0741	-0.0438	0.7	0.1	4
8.738	4.505	-3.401	6.671	-0.044	-0.0001	0	-0	0.7	0.1	5
9.272	-5.891	2.601	6.671	-0.0233	-0.0001	0	-0	0.7	0.1	6
9.442	1.039	6.602	6.67	-0.0257	-0.0346	0.0282	-0.0124	0.7	0.1	7
7.342	-2.772	1.2	6.692	0.3749	-0.0027	0.034	-0.0564	0.7	0.2	0
7.451	0.693	3.201	6.693	0.2864	-0	0	-0	0.7	0.2	1
7.767	-2.772	-2.801	6.693	-0.0048	-0.0001	-0.0003	-0.0002	0.7	0.2	2
7.969	4.158	1.2	6.692	-0.0332	-0.0035	-0.0255	-0.0245	0.7	0.2	3
8.265	0.693	-4.801	6.692	0.1921	-0.0139	-0.0282	-0.0068	0.7	0.2	4
8.362	4.158	-2.801	6.693	0.0969	0.0001	0	-0	0.7	0.2	5
9.692	-6.237	3.201	6.693	0.0094	0	-0	-0	0.7	0.2	6
9.855	0.693	7.202	6.692	0.015	-0.0053	0.0078	-0.0032	0.7	0.2	7
7.473	-3.119	1.8	6.548	0.3934	0.0141	0.0151	-0.0617	0.7	0.3	0
7.581	0.346	3.801	6.55	0.4623	0	-0	-0	0.7	0.3	1
7.581	-3.118	-2.201	6.55	0.546	-0	0.0001	0	0.7	0.3	2
7.787	0.347	-4.201	6.548	0.2888	0.008	0.0087	0.0038	0.7	0.3	3
7.787	3.811	1.8	6.548	0.228	-0.0185	-0.0074	-0.0237	0.7	0.3	4
7.891	3.812	-2.201	6.55	0.3602	-0	-0	0	0.7	0.3	5
7.473	0	-3.601	6.548	0.3934	-0.0201	0.0047	-0.0617	0.7	0.4	0
7.581	-3.465	-1.6	6.55	0.4623	0	0	-0	0.7	0.4	1
7.581	3.465	-1.6	6.55	0.546	-0.0001	-0	0	0.7	0.4	2
7.787	3.465	2.401	6.548	0.2888	-0.0115	0.0026	0.0038	0.7	0.4	3
7.787	-3.465	2.401	6.548	0.228	0.0157	-0.0123	-0.0237	0.7	0.4	4
7.891	-0	4.401	6.55	0.3602	0	-0	0	0.7	0.4	5
7.505	-0.346	-3.001	6.87	0.1689	-0.0485	-0.0051	-0.1095	0.7	0.5	0
7.611	3.118	-1	6.871	0.088	-0.0001	-0.0001	-0	0.7	0.5	1
7.921	-3.811	-1	6.871	0.0845	-0	-0.0001	0	0.7	0.5	2
8.12	3.118	3.001	6.87	0.1782	0.0237	0.0009	0.0053	0.7	0.5	3
8.41	-3.812	3.001	6.87	0.0624	0.0132	-0.0262	0.0038	0.7	0.5	4
8.505	-0.347	5.001	6.871	0.106	-0	-0	-0	0.7	0.5	5
9.816	-0.346	-7.002	6.871	0.0282	-0	0	-0	0.7	0.5	6
9.977	6.584	-3.001	6.87	0.0416	-0.0056	-0.0249	0.0009	0.7	0.5	7
7.509	-0.693	-2.401	7.081	0.0374	-0.0274	0.0082	-0.1131	0.7	0.6	0
7.614	2.772	-0.4	7.081	-0.1267	0.0003	0.0002	0	0.7	0.6	1
8.221	-4.158	-0.4	7.081	0.0546	0	0.0001	-0	0.7	0.6	2
8.414	2.772	3.601	7.081	0.1427	0.0298	0.0139	-0.0112	0.7	0.6	3
8.967	-4.158	3.601	7.081	0.0167	0.0001	-0.0276	0.0016	0.7	0.6	4
9.055	-0.693	5.601	7.081	0.026	-0	-0	0	0.7	0.6	5
9.571	-0.693	-6.402	7.081	0.0204	0.0001	-0	-0	0.7	0.6	6
9.737	6.237	-2.401	7.081	0.021	-0.0101	-0.0253	-0.0029	0.7	0.6	7
7.407	-1.039	-1.8	7.109	0.0771	0.0053	0.009	-0.1019	0.7	0.7	0
7.514	2.425	0.2	7.109	-0.0305	0.0001	0	0	0.7	0.7	1
8.418	-4.504	0.2	7.109	0.1402	0	-0.0001	0	0.7	0.7	2
8.606	2.425	4.201	7.109	0.1357	0.0219	0.0379	-0.0322	0.7	0.7	3
9.234	-1.039	-5.802	7.109	0.0245	-0	0	-0	0.7	0.7	4
9.406	-4.505	4.201	7.109	0.0112	-0.0118	-0.0294	-0.0029	0.7	0.7	5
9.406	5.89	-1.8	7.109	0.0111	-0.0195	-0.0249	-0.0029	0.7	0.7	6
9.491	-1.04	6.202	7.109	0.0174	-0	0	0	0.7	0.7	7
7.216	-1.386	-1.2	6.979	0.2595	0.0271	-0.0057	-0.0784	0.7	0.8	0
7.326	2.079	0.8	6.979	0.2612	0.0003	0.0004	0.0003	0.7	0.8	1
8.537	-4.851	0.8	6.979	0.2561	-0.0002	0.0002	-0.0001	0.7	0.8	2
8.722	2.079	4.801	6.979	0.1052	-0.0088	0.0765	-0.06	0.7	0.8	3
8.814	-1.386	-5.201	6.979	0.0434	0	-0	0	0.7	0.8	4
8.993	5.544	-1.2	6.979	0.0123	-0.035	-0.0184	0.0019	0.7	0.8	5
9.762	-4.851	4.801	6.979	0.0238	-0.0188	-0.0298	-0.0031	0.7	0.8	6
9.843	-1.386	6.802	6.979	0.0268	0	-0	0	0.7	0.8	7
6.986	-1.732	-0.6	6.741	0.4848	-0.0053	-0.0206	-0.0258	0.7	0.9	0
7.1	1.732	1.4	6.742	0.5267	-0	-0.0001	-0	0.7	0.9	1
8.344	-1.732	-4.601	6.742	0.0421	0.0001	-0	0	0.7	0.9	2
8.533	5.197	-0.6	6.741	0.0294	-0.0445	0.0001	0.008	0.7	0.9	3
8.627	-5.197	1.4	6.742	0.2987	0.0002	-0.0002	0.0002	0.7	0.9	4
8.81	1.732	5.401	6.741	0.0213	-0.0684	0.1132	-0.0799	0.7	0.9	5
9.593	1.733	-6.602	6.741	-0.0283	-0.049	-0.0343	-0.0131	0.7	0.9	6
9.676	5.198	-4.601	6.742	-0.0396	0	0	0	0.7	0.9	7
6.873	-2.079	0	6.551	0.4903	-0.075	0	0.0121	0.7	1	0
6.988	1.386	2.001	6.551	0.3657	-0	-0	-0	0.7	1	1
7.952	-2.079	-4.001	6.551	-0.2386	-0.0001	0.0001	0	0.7	1	2
8.151	4.851	0	6.551	-0.0455	-0.0073	-0.0001	-0.0015	0.7	1	3
8.812	-5.544	2.001	6.551	0.1009	0	0	-0	0.7	1	4
8.992	1.386	6.002	6.551	-0.0569	-0.0912	0.0909	-0.0502	0.7	1	5
8.992	1.386	-6.002	6.551	-0.0569	-0.0912	-0.0909	-0.0502	0.7	1	6
9.08	4.851	-4.001	6.551	-0.1026	-0	-0	-0	0.7	1	7
6.843	-1.386	0	6.701	0.4611	-0.0178	-0.0001	0.0191	0.8	0	0
7.296	2.079	2.001	6.701	0.2652	-0	-0	-0.0001	0.8	0	1
7.927	-1.386	-4.001	6.701	-0.2286	0	0	0.0001	0.8	0	2
8.511	-4.851	2.001	6.701	0.199	0	-0.0001	0.0001	0.8	0	3
8.697	5.544	0	6.701	0.0342	-0.0491	0	0.0055	0.8	0	4
9.233	2.079	6.002	6.701	-0.0864	-0.0908	0.0779	-0.0482	0.8	0	5
9.233	2.079	-6.002	6.701	-0.0868	-0.0906	-0.0778	-0.0482	0.8	0	6
9.574	5.544	-4.001	6.701	0.0098	0	0	-0	0.8	0	7
6.994	-1.732	0.6	6.75	0.4753	-0.0056	0.0204	-0.0256	0.8	0.1	0
7.437	1.732	2.601	6.749	0.1027	0	0	0	0.8	0.1	1
7.753	-1.732	-3.401	6.749	-0.6271	0.0001	0.0006	0.0001	0.8	0.1	2
8.54	5.197	0.6	6.75	0.0288	-0.044	-0.0001	0.008	0.8	0.1	3
8.817	1.733	-5.401	6.75	0.0211	-0.0674	-0.1115	-0.0787	0.8	0.1	4
8.906	-5.198	2.601	6.749	0.0407	0	0	-0	0.8	0.1	5
9.172	5.198	-3.401	6.749	0.0256	-0.0001	-0	-0	0.8	0.1	6
9.599	1.732	6.602	6.75	-0.0281	-0.0483	0.0337	-0.013	0.8	0.1	7
7.278	-2.079	1.2	6.871	0.3449	0.0174	0.0364	-0.0852	0.8	0.2	0
7.706	1.386	3.201	6.871	0.06	-0	0	-0	0.8	0.2	1
7.706	-2.079	-2.801	6.871	-0.3993	-0.0007	-0.0011	-0.0002	0.8	0.2	2
8.496	1.386	-4.801	6.871	0.1649	-0.0268	-0.0623	-0.0304	0.8	0.2	3
8.496	4.851	1.2	6.871	0.0224	-0.0365	-0.0012	0.0069	0.8	0.2	4
8.865	4.851	-2.801	6.871	0.0515	-0	-0	-0	0.8	0.2	5
9.391	-5.544	3.201	6.871	0.0055	-0	-0	0	0.8	0.2	6
7.505	-2.426	1.8	6.87	0.1691	0.0198	0.0444	-0.1094	0.8	0.3	0
7.611	-2.425	-2.201	6.871	0.0879	-0.0002	-0.0003	-0.0001	0.8	0.3	1
7.921	1.039	3.801	6.871	0.0844	-0.0001	0.0001	-0	0.8	0.3	2
8.119	1.04	-4.201	6.87	0.1783	-0.0111	-0.0209	0.0053	0.8	0.3	3
8.41	4.504	1.8	6.87	0.0623	-0.0293	0.0017	0.0038	0.8	0.3	4
8.505	4.505	-2.201	6.871	0.106	-0	0	-0	0.8	0.3	5
9.816	-5.891	3.801	6.871	0.0283	0	0	-0	0.8	0.3	6
9.977	-5.89	-4.201	6.87	0.0416	-0.0187	0.0173	0.0009	0.8	0.3	7
7.436	-2.772	-1.6	6.712	0.488	0.0004	0.0005	0.0002	0.8	0.4	0
7.648	0.693	-3.601	6.711	0.223	-0.0079	-0.0094	-0.0033	0.8	0.4	1
7.648	-2.772	2.401	6.711	-0.0059	0.0132	0.0473	-0.097	0.8	0.4	2
8.056	0.693	4.401	6.712	0.1181	0.0001	-0.0002	0.0001	0.8	0.4	3
8.056	4.158	-1.6	6.712	0.1932	-0	-0.0001	0	0.8	0.4	4
8.252	4.158	2.401	6.711	0.1435	-0.0133	0.006	0.0001	0.8	0.4	5
9.844	-6.237	-3.601	6.711	0.0361	-0.0115	0.0042	-0.0009	0.8	0.4	6
7.341	0.347	-3.001	6.691	0.3756	-0.028	-0.0195	-0.0563	0.8	0.5	0
7.451	-3.118	-1	6.692	0.2864	-0	-0.0001	0.0001	0.8	0.5	1
7.766	3.811	-1	6.692	-0.0031	0.0002	-0.0001	-0.0001	0.8	0.5	2
7.969	-3.119	3.001	6.691	-0.0328	0.0238	0.0099	-0.0247	0.8	0.5	3
8.264	3.811	3.001	6.691	0.1924	0.0314	0.002	-0.0067	0.8	0.5	4
8.362	0.346	5.001	6.692	0.097	0.0001	-0.0001	0.0001	0.8	0.5	5
9.692	0.347	-7.002	6.692	0.0092	-0	-0	-0	0.8	0.5	6
9.855	-6.583	-3.001	6.691	0.0151	-0.0041	-0.0085	-0.0032	0.8	0.5	7
7.279	0	-2.401	6.871	0.3446	-0.0402	-0.0033	-0.0851	0.8	0.6	0
7.706	-3.465	-0.4	6.872	0.0599	-0	-0	-0	0.8	0.6	1
7.706	3.465	-0.4	6.872	-0.399	0.0011	-0.0001	-0.0002	0.8	0.6	2
8.496	3.465	3.601	6.871	0.1647	0.0674	0.0079	-0.0304	0.8	0.6	3
8.496	-3.465	3.601	6.871	0.0224	0.0193	-0.0311	0.0069	0.8	0.6	4
8.865	-0	5.601	6.872	0.0515	0.0001	0	-0	0.8	0.6	5
9.391	0	-6.402	6.872	0.0055	0.0001	-0	0	0.8	0.6	6
7.215	-0.346	-1.8	6.978	0.2598	-0.0186	0.0209	-0.0787	0.8	0.7	0
7.646	3.118	0.2	6.978	-0.3816	-0.0008	-0.0002	-0	0.8	0.7	1
7.954	-3.811	0.2	6.978	0.0909	0	-0	0	0.8	0.7	2
8.722	3.118	4.201	6.978	0.1055	0.0704	0.0306	-0.0599	0.8	0.7	3
8.993	-3.812	4.201	6.978	0.0122	0.0016	-0.0395	0.0019	0.8	0.7	4
9.081	-0.346	-5.802	6.978	0.028	-0	-0	0	0.8	0.7	5
9.342	-0.347	6.202	6.978	0.0363	-0	0	-0	0.8	0.7	6
9.761	6.583	-1.8	6.978	0.0238	-0.0164	-0.0312	-0.0031	0.8	0.7	7
7.1	-0.693	-1.2	6.963	0.2542	0.0106	0.0183	-0.0491	0.8	0.8	0
7.537	2.772	0.8	6.963	-0.0606	-0.0001	0.0001	0	0.8	0.8	1
8.15	-4.158	0.8	6.963	0.1907	0	0	-0	0.8	0.8	2
8.719	-0.693	-5.201	6.963	0.0516	0	0	0	0.8	0.8	3
8.901	2.772	4.801	6.963	0.0159	0.0363	0.0629	-0.0824	0.8	0.8	4
9.425	-4.158	4.801	6.963	0.0098	-0.0115	-0.0354	-0.0039	0.8	0.8	5
9.425	6.237	-1.2	6.963	0.0098	-0.0249	-0.0276	-0.0039	0.8	0.8	6
9.759	-0.693	6.802	6.963	0.0359	0	-0	-0	0.8	0.8	7
6.967	-1.039	-0.6	6.863	0.3275	0.014	0.0004	-0.0065	0.8	0.9	0
7.413	2.425	1.4	6.863	0.2529	0	-0	0	0.8	0.9	1
8.328	-1.039	-4.601	6.863	0.0313	0	-0	-0	0.8	0.9	2
8.328	-4.504	1.4	6.863	0.253	-0	-0	-0	0.8	0.9	3
9.064	2.425	5.401	6.863	-0.0614	-0.0356	0.0838	-0.0781	0.8	0.9	4
9.064	5.89	-0.6	6.863	0.0113	-0.0368	-0.0152	0.0004	0.8	0.9	5
9.827	2.426	-6.602	6.863	-0.0057	-0.047	-0.0213	-0.0035	0.8	0.9	6
9.827	-4.505	5.401	6.863	0.0201	-0.0115	-0.0231	-0.0027	0.8	0.9	7
6.843	-1.386	0	6.701	0.4611	-0.0178	-0.0001	0.0191	0.8	1	0
7.296	2.079	2.001	6.701	0.2652	-0	-0	-0.0001	0.8	1	1
7.927	-1.386	-4.001	6.701	-0.2286	0	0	0.0001	0.8	1	2
8.511	-4.851	2.001	6.701	0.199	0	-0.0001	0.0001	0.8	1	3
8.697	5.544	0	6.701	0.0342	-0.0491	0	0.0055	0.8	1	4
9.233	2.079	6.002	6.701	-0.0864	-0.0908	0.0779	-0.0482	0.8	1	5
9.233	2.079	-6.002	6.701	-0.0868	-0.0906	-0.0778	-0.0482	0.8	1	6
9.574	5.544	-4.001	6.701	0.0098	0	0	-0	0.8	1	7
6.735	-0.693	0	6.7	0.309	0.0053	0.0001	0.0428	0.9	0	0
7.521	2.772	2.001	6.7	0.1801	0.0001	-0.0001	-0.0001	0.9	0	1
7.834	-0.693	-4.001	6.7	-0.091	-0.0003	-0.0001	-0.0001	0.9	0	2
8.135	-4.158	2.001	6.7	0.1752	-0.0002	0.0002	-0.0002	0.9	0	3
9.153	6.237	0	6.7	0.0031	-0.0347	0	-0.0012	0.9	0	4
9.412	2.772	6.002	6.7	-0.1652	-0.0764	0.044	-0.0316	0.9	0	5
9.412	2.772	-6.002	6.7	-0.1659	-0.0764	-0.0439	-0.0316	0.9	0	6
9.909	-4.158	-6.002	6.7	0.0149	-0.0011	0.008	-0.0015	0.9	0	7
9.909	-4.158	6.002	6.7	0.0149	-0.0012	-0.008	-0.0015	0.9	0	8
9.99	6.237	-4.001	6.7	0.0339	-0	-0	0	0.9	0	9
6.948	-1.04	0.6	6.843	0.34	0.0156	-0.0009	-0.0072	0.9	0.1	0
7.712	-1.039	-3.401	6.844	-0.3251	-0.0006	-0.0009	-0	0.9	0.1	1
7.712	2.425	2.601	6.844	0.1205	0	0	-0	0.9	0.1	2
8.596	-4.505	2.601	6.844	0.0817	-0	0.0001	-0.0001	0.9	0.1	3
9.049	2.426	-5.401	6.843	-0.0637	-0.0369	-0.0865	-0.0807	0.9	0.1	4
9.049	5.89	0.6	6.843	0.0115	-0.0378	0.0157	0.0003	0.9	0.1	5
9.649	5.891	-3.401	6.844	0.0449	-0	-0	-0	0.9	0.1	6
9.813	2.425	6.602	6.843	-0.0065	-0.0491	0.0223	-0.0035	0.9	0.1	7
9.813	-4.504	-5.401	6.843	0.0211	-0.0118	0.0238	-0.0027	0.9	0.1	8
7.215	-1.386	1.2	6.978	0.2601	0.027	0.0059	-0.0784	0.9	0.2	0
7.646	-1.386	-2.801	6.978	-0.384	0.0001	0.0003	-0	0.9	0.2	1
7.954	2.079	3.201	6.978	0.0906	-0	0	0	0.9	0.2	2
8.722	2.079	-4.801	6.978	0.1053	-0.0087	-0.0767	-0.0602	0.9	0.2	3
8.993	5.544	1.2	6.978	0.0122	-0.0351	0.0185	0.0019	0.9	0.2	4
9.081	-4.851	3.201	6.978	0.0281	-0	0	0	0.9	0.2	5
9.342	5.544	-2.801	6.978	0.0363	0	0	0	0.9	0.2	6
9.761	-4.851	-4.801	6.978	0.0238	-0.0189	0.0298	-0.0031	0.9	0.2	7
7.522	-1.733	1.8	7.095	0.0364	0.0199	0.0187	-0.1097	0.9	0.3	0
7.628	-1.732	-2.201	7.095	-0.1205	-0.0004	-0.0004	-0	0.9	0.3	1
8.234	1.732	3.801	7.095	0.0535	-0.0002	0.0001	0	0.9	0.3	2
8.426	1.733	-4.201	7.095	0.1379	-0.0028	-0.0317	-0.0112	0.9	0.3	3
8.978	5.197	1.8	7.095	0.0164	-0.0233	0.0134	0.0016	0.9	0.3	4
9.066	5.198	-2.201	7.095	0.0255	0.0001	0	-0	0.9	0.3	5
9.582	-5.198	3.801	7.095	0.0197	0.0001	0.0001	-0	0.9	0.3	6
9.747	-5.197	-4.201	7.095	0.0203	-0.0163	0.0207	-0.0027	0.9	0.3	7
7.45	-2.079	-1.6	6.973	0.1746	-0.0003	-0.0004	-0	0.9	0.4	0
7.661	-2.079	2.401	6.972	-0.2396	0.0106	0.0385	-0.1297	0.9	0.4	1
7.968	1.386	-3.601	6.972	0.1121	-0.0046	-0.0139	0.0044	0.9	0.4	2
8.361	1.386	4.401	6.973	0.0088	-0.0001	0.0001	0	0.9	0.4	3
8.644	4.851	-1.6	6.973	0.0289	-0	0	0	0.9	0.4	4
8.826	4.851	2.401	6.972	0.0357	-0.0116	0.0096	-0.0019	0.9	0.4	5
9.608	-5.544	-3.601	6.972	0.0197	-0.013	0.009	-0.004	0.9	0.4	6
9.936	-5.544	4.401	6.973	0.0333	0	0	0	0.9	0.4	7
7.312	-2.425	-1	6.825	0.3257	-0.0001	-0	-0.0001	0.9	0.5	0
7.526	1.04	-3.001	6.823	0.1327	-0.0019	-0.0262	-0.0113	0.9	0.5	1
7.839	-2.426	3.001	6.823	-0.3549	0.0019	0.047	-0.082	0.9	0.5	2
8.238	4.504	-1	6.825	-0.014	0.0002	0	-0.0002	0.9	0.5	3
8.525	1.039	5.001	6.825	-0.0489	-0.0001	0.0001	-0	0.9	0.5	4
8.709	4.504	3.001	6.823	0.0596	0.0209	0.0006	-0.0123	0.9	0.5	5
9.501	-5.89	-3.001	6.823	0.002	-0.0059	-0.0141	-0.0069	0.9	0.5	6
9.833	1.04	-7.002	6.825	0.0034	0	-0	-0	0.9	0.5	7
7.121	0.693	-2.401	6.669	0.375	-0.0039	-0.0488	-0.026	0.9	0.6	0
7.234	-2.772	-0.4	6.67	0.2008	0	0.0001	0	0.9	0.6	1
7.87	4.158	-0.4	6.67	-0.3617	-0.0004	-0.0001	0	0.9	0.6	2
8.07	-2.772	3.601	6.669	-0.1373	0.0183	0.019	-0.0158	0.9	0.6	3
8.645	4.158	3.601	6.669	0.0839	0.0903	-0.0078	-0.044	0.9	0.6	4
8.737	0.693	5.601	6.67	-0.0439	-0	-0	0	0.9	0.6	5
9.271	0.693	-6.402	6.67	-0.0231	0	-0	-0	0.9	0.6	6
9.441	-6.237	-2.401	6.669	-0.0259	-0.0071	-0.0441	-0.0125	0.9	0.6	7
6.994	0.347	-1.8	6.749	0.4761	-0.015	-0.0151	-0.0255	0.9	0.7	0
7.437	-3.118	0.2	6.748	0.1028	-0.0001	0.0001	0	0.9	0.7	1
7.753	3.811	0.2	6.748	-0.6282	-0.0007	-0.0004	0	0.9	0.7	2
8.54	-3.119	4.201	6.749	0.0289	0.0221	-0.0381	0.008	0.9	0.7	3
8.816	3.811	4.201	6.749	0.0214	0.1304	-0.0027	-0.0788	0.9	0.7	4
8.906	0.347	-5.802	6.748	0.0407	-0.0001	-0	-0	0.9	0.7	5
9.172	0.346	6.202	6.748	0.0257	0.0001	-0.0001	-0	0.9	0.7	6
9.599	-6.583	-1.8	6.749	-0.0282	-0.005	-0.0587	-0.013	0.9	0.7	7
6.971	0	-1.2	6.867	0.3239	-0.0065	0.0114	-0.0058	0.9	0.8	0
7.733	3.465	0.8	6.866	-0.3132	0.0008	0.0002	0	0.9	0.8	1
7.733	-3.465	0.8	6.866	0.1156	-0	-0.0001	0	0.9	0.8	2
8.614	0	-5.201	6.866	0.0786	-0	-0	-0	0.9	0.8	3
9.067	3.465	4.801	6.867	-0.0628	0.0904	0.0113	-0.0778	0.9	0.8	4
9.067	-3.465	4.801	6.867	0.0111	0.0052	-0.0393	0.0004	0.9	0.8	5
9.665	-0	6.802	6.866	0.0432	0	0	-0	0.9	0.8	6
9.83	-6.93	-1.2	6.867	-0.0056	0.0049	-0.0505	-0.0036	0.9	0.8	7
9.83	6.93	-1.2	6.867	0.0199	-0.0141	-0.0214	-0.0026	0.9	0.8	8
6.752	-0.346	-0.6	6.716	0.2964	0.0091	0.0159	0.0279	0.9	0.9	0
7.536	3.118	1.4	6.716	0.0069	0.0003	-0.0005	-0.0002	0.9	0.9	1
7.848	-3.811	1.4	6.716	0.1875	-0.0001	0.0001	-0	0.9	0.9	2
8.149	-0.346	-4.601	6.716	0.0753	0	-0	-0.0001	0.9	0.9	3
9.166	3.118	5.401	6.716	-0.1932	0.021	0.0359	-0.0792	0.9	0.9	4
9.424	-3.812	5.401	6.716	0.0071	-0.0047	-0.0302	-0.0037	0.9	0.9	5
9.424	6.583	-0.6	6.716	0.0072	-0.0237	-0.0191	-0.0037	0.9	0.9	6
9.92	3.119	-6.602	6.716	0.0029	-0.0497	-0.0058	0.014	0.9	0.9	7
9.92	-7.276	-0.6	6.716	0.002	0.0201	-0.0463	0.0141	0.9	0.9	8
6.735	-0.693	0	6.7	0.309	0.0053	0.0001	0.0428	0.9	1	0
7.521	2.772	2.001	6.7	0.1801	0.0001	-0.0001	-0.0001	0.9	1	1
7.834	-0.693	-4.001	6.7	-0.091	-0.0003	-0.0001	-0.0001	0.9	1	2
8.135	-4.158	2.001	6.7	0.1752	-0.0002	0.0002	-0.0002	0.9	1	3
9.153	6.237	0	6.7	0.0031	-0.0347	0	-0.0012	0.9	1	4
9.412	2.772	6.002	6.7	-0.1652	-0.0764	0.044	-0.0316	0.9	1	5
9.412	2.772	-6.002	6.7	-0.1659	-0.0764	-0.0439	-0.0316	0.9	1	6
9.909	-4.158	-6.002	6.7	0.0149	-0.0011	0.008	-0.0015	0.9	1	7
9.909	-4.158	6.002	6.7	0.0149	-0.0012	-0.008	-0.0015	0.9	1	8
9.99	6.237	-4.001	6.7	0.0339	-0	-0	0	0.9	1	9
