4.001	-0	4.001	0	2.6832	-0.0635	-0	0.0306	0	0	0
4.001	-3.465	-2.001	0	2.6834	0.0316	-0.055	0.0306	0	0	1
4.001	3.465	-2.001	0	2.6832	0.0315	0.0548	0.0306	0	0	2
6.93	-3.465	-6.002	0	0.7181	-0.0422	-0.0761	-0.0808	0	0	3
6.93	3.465	6.002	0	0.7181	0.0422	0.0761	0.0808	0	0	4
6.93	3.465	-6.002	0	0.718	0.0448	-0.0746	0.0808	0	0	5
6.93	-3.465	6.002	0	0.718	-0.0448	0.0746	-0.0808	0	0	6
6.93	-6.93	0	0	0.718	-0.087	-0.0015	0.0808	0	0	7
6.93	6.93	0	0	0.718	0.087	0.0015	-0.0808	0	0	8
8.002	0	-8.002	0	-0.0542	0.0393	-0	0.0618	0	0	9
8.002	6.93	4.001	0	-0.0542	-0.0197	0.034	0.0618	0	0	10
8.002	-6.93	4.001	0	-0.0542	-0.0197	-0.0341	0.0618	0	0	11
4.001	-0	4.001	0	2.6283	-0.0523	0.0277	0.0052	0	0.1	0
4.001	-3.465	-2.001	0	2.8072	0.0084	-0.0145	-0.0569	0	0.1	1
4.001	3.465	-2.001	0	2.6284	0.0022	0.0591	0.0052	0	0.1	2
6.93	-3.465	-6.002	0	0.792	-0.0413	-0.0627	-0.0734	0	0.1	3
6.93	3.465	6.002	0	0.792	0.0413	0.0627	0.0734	0	0.1	4
6.93	3.465	-6.002	0	0.7167	0.0507	-0.0833	0.0821	0	0.1	5
6.93	-3.465	6.002	0	0.7167	-0.0507	0.0833	-0.0821	0	0.1	6
6.93	-6.93	0	0	0.7387	-0.0752	-0.002	0.0699	0	0.1	7
6.93	6.93	0	0	0.7387	0.0752	0.002	-0.0699	0	0.1	8
8.002	0	-8.002	0	-0.0475	0.0365	-0.0178	0.0523	0	0.1	9
8.002	6.93	4.001	0	-0.1605	0.0046	-0.0081	0.0329	0	0.1	10
8.002	-6.93	4.001	0	-0.0476	-0.0028	-0.0405	0.0523	0	0.1	11
4.001	-0	4.001	0	2.6546	-0.0241	0.0345	-0.0284	0	0.2	0
4.001	-3.465	-2.001	0	2.8416	-0.0114	0.0197	-0.0797	0	0.2	1
4.001	3.465	-2.001	0	2.6546	-0.0178	0.0381	-0.0284	0	0.2	2
6.93	-3.465	-6.002	0	0.8164	-0.0361	-0.0541	-0.0642	0	0.2	3
6.93	3.465	6.002	0	0.8164	0.0361	0.0541	0.0642	0	0.2	4
6.93	3.465	-6.002	0	0.7526	0.0501	-0.0787	0.0773	0	0.2	5
6.93	-3.465	6.002	0	0.7526	-0.0501	0.0787	-0.0773	0	0.2	6
6.93	-6.93	0	0	0.7696	-0.0781	-0.0007	0.0679	0	0.2	7
6.93	6.93	0	0	0.7696	0.0781	0.0007	-0.0679	0	0.2	8
8.002	0	-8.002	0	-0.0879	0.0215	-0.0108	0.0345	0	0.2	9
8.002	6.93	4.001	0	-0.1751	0.0072	-0.0124	0.027	0	0.2	10
8.002	-6.93	4.001	0	-0.0879	-0.0014	-0.024	0.0345	0	0.2	11
4.001	-0	4.001	0	2.616	-0.0039	0.0193	-0.0472	0	0.3	0
4.001	-3.465	-2.001	0	2.6942	-0.0149	0.026	-0.0564	0	0.3	1
4.001	3.465	-2.001	0	2.6161	-0.0148	0.0131	-0.0472	0	0.3	2
6.93	-3.465	-6.002	0	0.8209	-0.036	-0.0589	-0.0684	0	0.3	3
6.93	3.465	6.002	0	0.8209	0.036	0.0589	0.0684	0	0.3	4
6.93	3.465	-6.002	0	0.7892	0.0462	-0.0737	0.0747	0	0.3	5
6.93	-3.465	6.002	0	0.7892	-0.0462	0.0737	-0.0747	0	0.3	6
6.93	-6.93	0	0	0.7965	-0.0827	0.0015	0.0715	0	0.3	7
6.93	6.93	0	0	0.7965	0.0827	-0.0015	-0.0715	0	0.3	8
8.002	0	-8.002	0	-0.1308	0.0112	-0.0029	0.0218	0	0.3	9
8.002	6.93	4.001	0	-0.1661	-0.0001	0.0001	0.0239	0	0.3	10
8.002	-6.93	4.001	0	-0.1308	-0.0031	-0.0112	0.0218	0	0.3	11
4.001	-0	4.001	0	2.6242	-0.0004	0.0037	-0.0593	0	0.4	0
4.001	-3.465	-2.001	0	2.6629	-0.0147	0.0256	-0.0341	0	0.4	1
4.001	3.465	-2.001	0	2.6242	-0.003	0.0023	-0.0592	0	0.4	2
6.93	-3.465	-6.002	0	0.8115	-0.0371	-0.0637	-0.0739	0	0.4	3
6.93	3.465	6.002	0	0.8115	0.0371	0.0637	0.0739	0	0.4	4
6.93	3.465	-6.002	0	0.7924	0.0445	-0.0734	0.0725	0	0.4	5
6.93	-3.465	6.002	0	0.7924	-0.0445	0.0734	-0.0725	0	0.4	6
6.93	-6.93	0	0	0.8005	-0.0841	0.0036	0.0702	0	0.4	7
6.93	6.93	0	0	0.8005	0.0841	-0.0036	-0.0702	0	0.4	8
8.002	0	-8.002	0	-0.1401	0.0081	0.0009	0.0211	0	0.4	9
8.002	6.93	4.001	0	-0.1533	-0.0061	0.0106	0.0258	0	0.4	10
8.002	-6.93	4.001	0	-0.1401	-0.0048	-0.0065	0.0211	0	0.4	11
4.001	-0	4.001	0	2.6674	-0.02	-0.0166	-0.0562	0	0.5	0
4.001	-3.465	-2.001	0	2.5978	-0.0099	0.017	-0.021	0	0.5	1
4.001	3.465	-2.001	0	2.6674	0.0243	0.009	-0.0562	0	0.5	2
6.93	-3.465	-6.002	0	0.7835	-0.0415	-0.0659	-0.0792	0	0.5	3
6.93	3.465	6.002	0	0.7835	0.0415	0.0659	0.0792	0	0.5	4
6.93	3.465	-6.002	0	0.7641	0.0447	-0.0817	0.0707	0	0.5	5
6.93	-3.465	6.002	0	0.7641	-0.0447	0.0817	-0.0707	0	0.5	6
6.93	-6.93	0	0	0.7906	-0.0835	0.0064	0.0646	0	0.5	7
6.93	6.93	0	0	0.7906	0.0835	-0.0064	-0.0646	0	0.5	8
8.002	0	-8.002	0	-0.1265	0.0126	0.0034	0.0309	0	0.5	9
8.002	6.93	4.001	0	-0.1337	-0.0105	0.0182	0.0385	0	0.5	10
8.002	-6.93	4.001	0	-0.1265	-0.0093	-0.0092	0.0309	0	0.5	11
4.001	-0	4.001	0	2.7259	-0.0729	-0.0269	-0.0342	0	0.6	0
4.001	-3.465	-2.001	0	2.452	0.0104	-0.0182	-0.0144	0	0.6	1
4.001	3.465	-2.001	0	2.7259	0.0597	0.0496	-0.0342	0	0.6	2
6.93	-3.465	-6.002	0	0.7366	-0.0521	-0.0618	-0.0731	0	0.6	3
6.93	3.465	6.002	0	0.7366	0.0521	0.0618	0.0731	0	0.6	4
6.93	3.465	-6.002	0	0.7167	0.0459	-0.0966	0.0769	0	0.6	5
6.93	-3.465	6.002	0	0.7167	-0.0459	0.0966	-0.0769	0	0.6	6
6.93	-6.93	0	0	0.7718	-0.0814	0.0095	0.0632	0	0.6	7
6.93	6.93	0	0	0.7718	0.0814	-0.0095	-0.0632	0	0.6	8
8.002	0	-8.002	0	-0.1112	0.0282	0.0018	0.0402	0	0.6	9
8.002	6.93	4.001	0	-0.1044	-0.008	0.0139	0.0643	0	0.6	10
8.002	-6.93	4.001	0	-0.1112	-0.0157	-0.0236	0.0402	0	0.6	11
4.001	-0	4.001	0	2.9043	-0.0713	-0.0023	-0.0333	0	0.7	0
4.001	-3.465	-2.001	0	2.4186	0.05	-0.0867	-0.0143	0	0.7	1
4.001	3.465	-2.001	0	2.9044	0.0378	0.0605	-0.0333	0	0.7	2
6.93	-3.465	-6.002	0	0.6724	-0.0639	-0.056	-0.0459	0	0.7	3
6.93	3.465	6.002	0	0.6724	0.0639	0.056	0.0459	0	0.7	4
6.93	3.465	-6.002	0	0.6984	0.0469	-0.0875	0.0823	0	0.7	5
6.93	-3.465	6.002	0	0.6984	-0.0469	0.0875	-0.0823	0	0.7	6
6.93	-6.93	0	0	0.7485	-0.0877	0.0117	0.0742	0	0.7	7
6.93	6.93	0	0	0.7485	0.0877	-0.0117	-0.0742	0	0.7	8
8.002	0	-8.002	0	-0.0889	0.0358	-0.0021	0.043	0	0.7	9
8.002	6.93	4.001	0	-0.0266	0.0038	-0.0065	0.106	0	0.7	10
8.002	-6.93	4.001	0	-0.0889	-0.0161	-0.0321	0.043	0	0.7	11
4.001	-0	4.001	0	2.789	-0.034	0.0058	-0.0337	0	0.8	0
4.001	-3.465	-2.001	0	2.3882	0.0448	-0.0777	-0.0007	0	0.8	1
4.001	3.465	-2.001	0	2.789	0.012	0.0323	-0.0337	0	0.8	2
6.93	-3.465	-6.002	0	0.6997	-0.0557	-0.0633	-0.0538	0	0.8	3
6.93	3.465	6.002	0	0.6997	0.0557	0.0633	0.0538	0	0.8	4
6.93	3.465	-6.002	0	0.7646	0.0421	-0.0662	0.0764	0	0.8	5
6.93	-3.465	6.002	0	0.7646	-0.0421	0.0662	-0.0764	0	0.8	6
6.93	-6.93	0	0	0.7613	-0.0958	0.0072	0.0848	0	0.8	7
6.93	6.93	0	0	0.7613	0.0958	-0.0072	-0.0848	0	0.8	8
8.002	0	-8.002	0	-0.1146	0.0155	0.01	0.0328	0	0.8	9
8.002	6.93	4.001	0	-0.0055	-0.0043	0.0075	0.0907	0	0.8	10
8.002	-6.93	4.001	0	-0.1146	-0.0164	-0.0084	0.0328	0	0.8	11
4.001	-0	4.001	0	2.7145	-0.0364	0.0011	-0.0186	0	0.9	0
4.001	-3.465	-2.001	0	2.4562	0.0369	-0.064	0.0275	0	0.9	1
4.001	3.465	-2.001	0	2.7145	0.0172	0.032	-0.0186	0	0.9	2
6.93	-3.465	-6.002	0	0.714	-0.0465	-0.0718	-0.0695	0	0.9	3
6.93	3.465	6.002	0	0.714	0.0465	0.0718	0.0695	0	0.9	4
6.93	3.465	-6.002	0	0.7734	0.039	-0.0627	0.0758	0	0.9	5
6.93	-3.465	6.002	0	0.7734	-0.039	0.0627	-0.0758	0	0.9	6
6.93	-6.93	0	0	0.7524	-0.0966	0.0027	0.0867	0	0.9	7
6.93	6.93	0	0	0.7524	0.0966	-0.0027	-0.0867	0	0.9	8
8.002	0	-8.002	0	-0.1181	0.0161	0.0153	0.0375	0	0.9	9
8.002	6.93	4.001	0	-0.0105	-0.0174	0.0301	0.0727	0	0.9	10
8.002	-6.93	4.001	0	-0.1181	-0.0213	-0.0063	0.0375	0	0.9	11
4.001	-0	4.001	0	2.6832	-0.0635	-0	0.0306	0	1	0
4.001	-3.465	-2.001	0	2.6834	0.0316	-0.055	0.0306	0	1	1
4.001	3.465	-2.001	0	2.6832	0.0315	0.0548	0.0306	0	1	2
6.93	-3.465	-6.002	0	0.7181	-0.0422	-0.0761	-0.0808	0	1	3
6.93	3.465	6.002	0	0.7181	0.0422	0.0761	0.0808	0	1	4
6.93	3.465	-6.002	0	0.718	0.0448	-0.0746	0.0808	0	1	5
6.93	-3.465	6.002	0	0.718	-0.0448	0.0746	-0.0808	0	1	6
6.93	-6.93	0	0	0.718	-0.087	-0.0015	0.0808	0	1	7
6.93	6.93	0	0	0.718	0.087	0.0015	-0.0808	0	1	8
8.002	0	-8.002	0	-0.0542	0.0393	-0	0.0618	0	1	9
8.002	6.93	4.001	0	-0.0542	-0.0197	0.034	0.0618	0	1	10
8.002	-6.93	4.001	0	-0.0542	-0.0197	-0.0341	0.0618	0	1	11
4.001	-0	4.001	0	2.8071	-0.0166	-0	-0.0569	0.1	0	0
4.001	-3.465	-2.001	0	2.6283	0.0501	-0.0314	0.0052	0.1	0	1
4.001	3.465	-2.001	0	2.6282	0.0501	0.0314	0.0052	0.1	0	2
6.93	-3.465	-6.002	0	0.7387	-0.0358	-0.0661	-0.07	0.1	0	3
6.93	3.465	6.002	0	0.7387	0.0358	0.0661	0.07	0.1	0	4
6.93	3.465	-6.002	0	0.7921	0.0336	-0.0672	0.0734	0.1	0	5
6.93	-3.465	6.002	0	0.7921	-0.0336	0.0672	-0.0734	0.1	0	6
6.93	-6.93	0	0	0.7167	-0.0975	-0.0023	0.0821	0.1	0	7
6.93	6.93	0	0	0.7167	0.0975	0.0023	-0.0821	0.1	0	8
8.002	0	-8.002	0	-0.1605	-0.0093	-0	0.0329	0.1	0	9
8.002	6.93	4.001	0	-0.0476	-0.0336	0.0227	0.0522	0.1	0	10
8.002	-6.93	4.001	0	-0.0476	-0.0336	-0.0227	0.0522	0.1	0	11
4.001	-0	4.001	0	2.7132	-0.0362	-0.0009	-0.0177	0.1	0.1	0
4.001	-3.465	-2.001	0	2.7133	0.0173	-0.0317	-0.0176	0.1	0.1	1
4.001	3.465	-2.001	0	2.4651	0.0368	0.0638	0.0276	0.1	0.1	2
6.93	-3.465	-6.002	0	0.7734	-0.0348	-0.0651	-0.076	0.1	0.1	3
6.93	3.465	6.002	0	0.7734	0.0348	0.0651	0.076	0.1	0.1	4
6.93	3.465	-6.002	0	0.7525	0.0459	-0.0849	0.0866	0.1	0.1	5
6.93	-3.465	6.002	0	0.7525	-0.0459	0.0849	-0.0866	0.1	0.1	6
6.93	-6.93	0	0	0.7142	-0.0854	0.0043	0.0695	0.1	0.1	7
6.93	6.93	0	0	0.7142	0.0854	-0.0043	-0.0695	0.1	0.1	8
8.002	0	-8.002	0	-0.1181	0.016	-0.0152	0.0375	0.1	0.1	9
8.002	6.93	4.001	0	-0.1181	-0.0212	0.0062	0.0375	0.1	0.1	10
8.002	-6.93	4.001	0	-0.0116	-0.0172	-0.0299	0.0725	0.1	0.1	11
4.001	-0	4.001	-0	2.6748	-0.0121	0.026	-0.0272	0.1	0.2	0
4.001	-3.465	-2.001	-0	2.7551	-0.0006	-0.0195	-0.0642	0.1	0.2	1
4.001	3.465	-2.001	-0	2.4841	0.0032	0.0638	-0.012	0.1	0.2	2
6.93	-3.465	-6.002	0	0.8137	-0.035	-0.0581	-0.0697	0.1	0.2	3
6.93	3.465	6.002	0	0.8137	0.035	0.0581	0.0697	0.1	0.2	4
6.93	3.465	-6.002	0	0.7587	0.049	-0.0832	0.0881	0.1	0.2	5
6.93	-3.465	6.002	0	0.7587	-0.049	0.0832	-0.0881	0.1	0.2	6
6.93	-6.93	0	0	0.7506	-0.0799	0.0059	0.0667	0.1	0.2	7
6.93	6.93	0	0	0.7506	0.0799	-0.0059	-0.0667	0.1	0.2	8
8.002	0	-8.002	-0	-0.0921	0.0228	-0.0124	0.0281	0.1	0.2	9
8.002	6.93	4.001	-0	-0.1661	-0.0006	-0.0098	0.0262	0.1	0.2	10
8.002	-6.93	4.001	-0	-0.0586	-0.0022	-0.0254	0.0568	0.1	0.2	11
4.001	-0	4.001	-0	2.8077	0.0207	0.0291	-0.0504	0.1	0.3	0
4.001	-3.465	-2.001	-0	2.8382	-0.0114	0.0064	-0.0739	0.1	0.3	1
4.001	3.465	-2.001	-0	2.5951	-0.0051	0.0498	-0.0327	0.1	0.3	2
6.93	-3.465	-6.002	0	0.8075	-0.033	-0.0561	-0.0629	0.1	0.3	3
6.93	3.465	6.002	0	0.8075	0.033	0.0561	0.0629	0.1	0.3	4
6.93	3.465	-6.002	0	0.7725	0.045	-0.0746	0.0773	0.1	0.3	5
6.93	-3.465	6.002	0	0.7725	-0.045	0.0746	-0.0773	0.1	0.3	6
6.93	-6.93	0	0	0.7668	-0.0852	0.0039	0.0697	0.1	0.3	7
6.93	6.93	0	0	0.7668	0.0852	-0.0039	-0.0697	0.1	0.3	8
8.002	0	-8.002	-0	-0.0874	0.0135	-0.0037	0.023	0.1	0.3	9
8.002	6.93	4.001	-0	-0.1602	0.0011	-0.0051	0.0297	0.1	0.3	10
8.002	-6.93	4.001	-0	-0.1119	-0.003	-0.0205	0.0413	0.1	0.3	11
4.001	-0	4.001	0	2.778	0.0274	0.0156	-0.061	0.1	0.4	0
4.001	-3.465	-2.001	0	2.7489	-0.006	0.0142	-0.0417	0.1	0.4	1
4.001	3.465	-2.001	0	2.6088	0.0017	0.0248	-0.0518	0.1	0.4	2
6.93	-3.465	-6.002	0	0.7978	-0.0341	-0.0608	-0.0686	0.1	0.4	3
6.93	3.465	6.002	0	0.7978	0.0341	0.0608	0.0686	0.1	0.4	4
6.93	3.465	-6.002	0	0.7876	0.0393	-0.0694	0.0693	0.1	0.4	5
6.93	-3.465	6.002	0	0.7876	-0.0393	0.0694	-0.0693	0.1	0.4	6
6.93	-6.93	0	0	0.7815	-0.0879	0.0025	0.0733	0.1	0.4	7
6.93	6.93	0	0	0.7815	0.0879	-0.0025	-0.0733	0.1	0.4	8
8.002	0	-8.002	0	-0.0982	0.0057	0.002	0.0209	0.1	0.4	9
8.002	6.93	4.001	0	-0.1485	-0.0034	0.0082	0.0294	0.1	0.4	10
8.002	-6.93	4.001	0	-0.1565	-0.005	-0.0134	0.0302	0.1	0.4	11
4.001	-0	4.001	0.001	2.7641	0.0004	-0.0019	-0.0639	0.1	0.5	0
4.001	-3.465	-2.001	0.001	2.6771	0.0037	0.0097	-0.0175	0.1	0.5	1
4.001	3.465	-2.001	0.001	2.6488	0.0148	0.0085	-0.0477	0.1	0.5	2
6.93	-3.465	-6.002	0	0.7725	-0.038	-0.0647	-0.0765	0.1	0.5	3
6.93	3.465	6.002	0	0.7725	0.038	0.0647	0.0765	0.1	0.5	4
6.93	3.465	-6.002	0	0.77	0.035	-0.0708	0.0623	0.1	0.5	5
6.93	-3.465	6.002	0	0.77	-0.035	0.0708	-0.0623	0.1	0.5	6
6.93	-6.93	0	0	0.7802	-0.0862	0.0016	0.072	0.1	0.5	7
6.93	6.93	0	0	0.7802	0.0862	-0.0016	-0.072	0.1	0.5	8
8.002	0	-8.002	0.001	-0.0807	0.0036	0.0055	0.0303	0.1	0.5	9
8.002	6.93	4.001	0.001	-0.1366	-0.0063	0.018	0.0353	0.1	0.5	10
8.002	-6.93	4.001	0.001	-0.1666	-0.0078	-0.0126	0.0303	0.1	0.5	11
4.001	-0	4.001	0.002	2.7041	-0.0885	-0.0147	-0.0368	0.1	0.6	0
4.001	-3.465	-2.001	0.002	2.5197	0.0234	-0.0085	-0.0044	0.1	0.6	1
4.001	3.465	-2.001	0.002	2.7122	0.0254	-0.0084	-0.0366	0.1	0.6	2
6.93	-3.465	-6.002	0	0.7401	-0.0485	-0.0665	-0.0831	0.1	0.6	3
6.93	3.465	6.002	0	0.7401	0.0485	0.0665	0.0831	0.1	0.6	4
6.93	3.465	-6.002	0	0.7429	0.0335	-0.0793	0.0606	0.1	0.6	5
6.93	-3.465	6.002	0	0.7429	-0.0335	0.0793	-0.0606	0.1	0.6	6
6.93	-6.93	0	0	0.777	-0.0788	0.0013	0.0703	0.1	0.6	7
6.93	6.93	0	0	0.777	0.0788	-0.0013	-0.0703	0.1	0.6	8
8.002	0	-8.002	0.002	-0.0755	0.0113	0.007	0.0414	0.1	0.6	9
8.002	6.93	4.001	0.002	-0.1326	-0.0067	0.0213	0.0469	0.1	0.6	10
8.002	-6.93	4.001	0.002	-0.1497	-0.0079	-0.0175	0.0321	0.1	0.6	11
4.001	-0	4.001	0.001	2.7674	-0.1595	0.0027	-0.0251	0.1	0.7	0
4.001	-3.465	-2.001	0.001	2.4546	0.0568	-0.0431	-0.0221	0.1	0.7	1
4.001	3.465	-2.001	0.001	2.8936	0.011	-0.0432	-0.042	0.1	0.7	2
6.93	-3.465	-6.002	0	0.7073	-0.0636	-0.0646	-0.0725	0.1	0.7	3
6.93	3.465	6.002	0	0.7073	0.0636	0.0646	0.0725	0.1	0.7	4
6.93	3.465	-6.002	0	0.7294	0.038	-0.0801	0.0642	0.1	0.7	5
6.93	-3.465	6.002	0	0.7294	-0.038	0.0801	-0.0642	0.1	0.7	6
6.93	-6.93	0	0	0.7676	-0.0745	0.0021	0.0742	0.1	0.7	7
6.93	6.93	0	0	0.7676	0.0745	-0.0021	-0.0742	0.1	0.7	8
8.002	0	-8.002	0.001	-0.092	0.0241	0.0026	0.0455	0.1	0.7	9
8.002	6.93	4.001	0.001	-0.1063	-0.0081	0.0111	0.0737	0.1	0.7	10
8.002	-6.93	4.001	0.001	-0.0884	-0.007	-0.0278	0.0317	0.1	0.7	11
4.001	-0	4.001	-0.001	2.8282	-0.0745	0.0194	-0.049	0.1	0.8	0
4.001	-3.465	-2.001	-0.001	2.4546	0.0673	-0.0531	-0.0257	0.1	0.8	1
4.001	3.465	-2.001	-0.001	2.8902	0.0078	-0.0435	-0.0418	0.1	0.8	2
6.93	-3.465	-6.002	0	0.722	-0.0586	-0.0641	-0.0621	0.1	0.8	3
6.93	3.465	6.002	0	0.722	0.0586	0.0641	0.0621	0.1	0.8	4
6.93	3.465	-6.002	0	0.7785	0.0373	-0.064	0.0659	0.1	0.8	5
6.93	-3.465	6.002	0	0.7785	-0.0373	0.064	-0.0659	0.1	0.8	6
6.93	-6.93	0	0	0.7627	-0.0871	0.0015	0.0849	0.1	0.8	7
6.93	6.93	0	0	0.7627	0.0871	-0.0015	-0.0849	0.1	0.8	8
8.002	0	-8.002	-0.001	-0.1372	0.0062	0.0031	0.0356	0.1	0.8	9
8.002	6.93	4.001	-0.001	-0.0608	-0.0127	0.0056	0.0779	0.1	0.8	10
8.002	-6.93	4.001	-0.001	-0.0711	-0.0126	-0.0186	0.0274	0.1	0.8	11
4.001	-0	4.001	-0.001	2.7627	-0.017	0.0103	-0.056	0.1	0.9	0
4.001	-3.465	-2.001	-0.001	2.4757	0.0535	-0.0337	-0.0124	0.1	0.9	1
4.001	3.465	-2.001	-0.001	2.6883	0.0285	-0.003	-0.0296	0.1	0.9	2
6.93	-3.465	-6.002	0	0.7505	-0.0451	-0.0661	-0.067	0.1	0.9	3
6.93	3.465	6.002	0	0.7505	0.0451	0.0661	0.067	0.1	0.9	4
6.93	3.465	-6.002	0	0.814	0.0331	-0.0597	0.0696	0.1	0.9	5
6.93	-3.465	6.002	0	0.814	-0.0331	0.0597	-0.0696	0.1	0.9	6
6.93	-6.93	0	0	0.7586	-0.0964	-0.0008	0.0881	0.1	0.9	7
6.93	6.93	0	0	0.7586	0.0964	0.0008	-0.0881	0.1	0.9	8
8.002	0	-8.002	-0.001	-0.1664	-0.0074	0.0053	0.0254	0.1	0.9	9
8.002	6.93	4.001	-0.001	-0.0597	-0.0204	0.0143	0.0566	0.1	0.9	10
8.002	-6.93	4.001	-0.001	-0.0943	-0.0215	-0.013	0.0284	0.1	0.9	11
4.001	-0	4.001	0	2.8071	-0.0166	-0	-0.0569	0.1	1	0
4.001	-3.465	-2.001	0	2.6283	0.0501	-0.0314	0.0052	0.1	1	1
4.001	3.465	-2.001	0	2.6282	0.0501	0.0314	0.0052	0.1	1	2
6.93	-3.465	-6.002	0	0.7387	-0.0358	-0.0661	-0.07	0.1	1	3
6.93	3.465	6.002	0	0.7387	0.0358	0.0661	0.07	0.1	1	4
6.93	3.465	-6.002	0	0.7921	0.0336	-0.0672	0.0734	0.1	1	5
6.93	-3.465	6.002	0	0.7921	-0.0336	0.0672	-0.0734	0.1	1	6
6.93	-6.93	0	0	0.7167	-0.0975	-0.0023	0.0821	0.1	1	7
6.93	6.93	0	0	0.7167	0.0975	0.0023	-0.0821	0.1	1	8
8.002	0	-8.002	0	-0.1605	-0.0093	-0	0.0329	0.1	1	9
8.002	6.93	4.001	0	-0.0476	-0.0336	0.0227	0.0522	0.1	1	10
8.002	-6.93	4.001	0	-0.0476	-0.0336	-0.0227	0.0522	0.1	1	11
4.001	-0	4.001	0	2.8416	0.0229	0	-0.0796	0.2	0	0
4.001	-3.465	-2.001	0	2.6543	0.042	-0.0036	-0.0282	0.2	0	1
4.001	3.465	-2.001	0	2.6543	0.0419	0.0036	-0.0282	0.2	0	2
6.93	-3.465	-6.002	0	0.7697	-0.0385	-0.068	-0.0679	0.2	0	3
6.93	3.465	6.002	0	0.7697	0.0385	0.068	0.0679	0.2	0	4
6.93	3.465	-6.002	0	0.8164	0.0288	-0.0583	0.0642	0.2	0	5
6.93	-3.465	6.002	0	0.8164	-0.0288	0.0583	-0.0642	0.2	0	6
6.93	-6.93	0	0	0.7526	-0.0932	-0.0041	0.0773	0.2	0	7
6.93	6.93	0	0	0.7526	0.0932	0.0041	-0.0773	0.2	0	8
8.002	0	-8.002	0	-0.1751	-0.0143	0	0.0271	0.2	0	9
8.002	6.93	4.001	0	-0.0879	-0.0201	0.0132	0.0345	0.2	0	10
8.002	-6.93	4.001	0	-0.0879	-0.0201	-0.0132	0.0345	0.2	0	11
4.001	-0	4.001	-0	2.762	-0.0169	-0.0103	-0.0562	0.2	0.1	0
4.001	-3.465	-2.001	-0	2.6822	0.0285	0.003	-0.0273	0.2	0.1	1
4.001	3.465	-2.001	-0	2.4728	0.0536	0.034	-0.0105	0.2	0.1	2
6.93	-3.465	-6.002	0	0.7671	-0.0355	-0.0677	-0.073	0.2	0.1	3
6.93	3.465	6.002	0	0.7671	0.0355	0.0677	0.073	0.2	0.1	4
6.93	3.465	-6.002	0	0.801	0.0322	-0.0716	0.0721	0.2	0.1	5
6.93	-3.465	6.002	0	0.801	-0.0322	0.0716	-0.0721	0.2	0.1	6
6.93	-6.93	0	0	0.7301	-0.0896	0.0012	0.0692	0.2	0.1	7
6.93	6.93	0	0	0.7301	0.0896	-0.0012	-0.0692	0.2	0.1	8
8.002	0	-8.002	-0	-0.1666	-0.0079	-0.0053	0.0261	0.2	0.1	9
8.002	6.93	4.001	-0	-0.0937	-0.0216	0.0129	0.0288	0.2	0.1	10
8.002	-6.93	4.001	-0	-0.0589	-0.0205	-0.0142	0.0573	0.2	0.1	11
4.001	-0	4.001	0	2.7887	-0.0337	-0.0054	-0.0339	0.2	0.2	0
4.001	-3.465	-2.001	0	2.7888	0.0121	-0.0319	-0.0339	0.2	0.2	1
4.001	3.465	-2.001	0	2.3979	0.0441	0.0764	-0.0026	0.2	0.2	2
6.93	-3.465	-6.002	0	0.7649	-0.0364	-0.0694	-0.0764	0.2	0.2	3
6.93	3.465	6.002	0	0.7649	0.0364	0.0694	0.0764	0.2	0.2	4
6.93	3.465	-6.002	0	0.7617	0.0416	-0.0865	0.0847	0.2	0.2	5
6.93	-3.465	6.002	0	0.7617	-0.0416	0.0865	-0.0847	0.2	0.2	6
6.93	-6.93	0	0	0.7001	-0.0827	0.0164	0.054	0.2	0.2	7
6.93	6.93	0	0	0.7001	0.0827	-0.0164	-0.054	0.2	0.2	8
8.002	0	-8.002	0	-0.1152	0.0155	-0.0099	0.0322	0.2	0.2	9
8.002	6.93	4.001	0	-0.1152	-0.0163	0.0085	0.0322	0.2	0.2	10
8.002	-6.93	4.001	0	-0.0069	-0.0043	-0.0075	0.0898	0.2	0.2	11
4.001	-0	4.001	-0.001	2.8807	0.0342	0.0284	-0.0395	0.2	0.3	0
4.001	-3.465	-2.001	-0.001	2.821	0.0206	-0.0751	-0.0519	0.2	0.3	1
4.001	3.465	-2.001	-0.001	2.4486	0.0131	0.0861	-0.0225	0.2	0.3	2
6.93	-3.465	-6.002	0	0.7785	-0.0368	-0.0642	-0.066	0.2	0.3	3
6.93	3.465	6.002	0	0.7785	0.0368	0.0642	0.066	0.2	0.3	4
6.93	3.465	-6.002	0	0.7629	0.0422	-0.0762	0.0851	0.2	0.3	5
6.93	-3.465	6.002	0	0.7629	-0.0422	0.0762	-0.0851	0.2	0.3	6
6.93	-6.93	0	0	0.7223	-0.085	0.0188	0.062	0.2	0.3	7
6.93	6.93	0	0	0.7223	0.085	-0.0188	-0.062	0.2	0.3	8
8.002	0	-8.002	-0.001	-0.0697	0.0226	-0.0016	0.0278	0.2	0.3	9
8.002	6.93	4.001	-0.001	-0.1371	-0.0055	0.0034	0.0366	0.2	0.3	10
8.002	-6.93	4.001	-0.001	-0.06	0.0017	-0.0139	0.0786	0.2	0.3	11
4.001	-0	4.001	0	2.8771	0.0558	0.025	-0.0557	0.2	0.4	0
4.001	-3.465	-2.001	0	2.7685	0.0273	-0.054	-0.0364	0.2	0.4	1
4.001	3.465	-2.001	0	2.5324	0.0068	0.0559	-0.0358	0.2	0.4	2
6.93	-3.465	-6.002	0	0.775	-0.0364	-0.0604	-0.0638	0.2	0.4	3
6.93	3.465	6.002	0	0.775	0.0364	0.0604	0.0638	0.2	0.4	4
6.93	3.465	-6.002	0	0.781	0.0353	-0.0649	0.0725	0.2	0.4	5
6.93	-3.465	6.002	0	0.781	-0.0353	0.0649	-0.0725	0.2	0.4	6
6.93	-6.93	0	0	0.7488	-0.091	0.0097	0.0762	0.2	0.4	7
6.93	6.93	0	0	0.7488	0.091	-0.0097	-0.0762	0.2	0.4	8
8.002	0	-8.002	0	-0.0763	0.0093	0.0056	0.0215	0.2	0.4	9
8.002	6.93	4.001	0	-0.1278	-0.0054	0.009	0.0349	0.2	0.4	10
8.002	-6.93	4.001	0	-0.1499	-0.006	-0.017	0.0474	0.2	0.4	11
4.001	-0	4.001	0.001	2.8465	0.0316	0.0123	-0.0521	0.2	0.5	0
4.001	-3.465	-2.001	0.001	2.6927	0.0383	-0.0484	-0.003	0.2	0.5	1
4.001	3.465	-2.001	0.001	2.5774	0.0156	0.0369	-0.0305	0.2	0.5	2
6.93	-3.465	-6.002	0	0.7504	-0.0362	-0.0589	-0.0697	0.2	0.5	3
6.93	3.465	6.002	0	0.7504	0.0362	0.0589	0.0697	0.2	0.5	4
6.93	3.465	-6.002	0	0.7664	0.0277	-0.0603	0.0619	0.2	0.5	5
6.93	-3.465	6.002	0	0.7664	-0.0277	0.0603	-0.0619	0.2	0.5	6
6.93	-6.93	0	0	0.7471	-0.0889	0.0035	0.0797	0.2	0.5	7
6.93	6.93	0	0	0.7471	0.0889	-0.0035	-0.0797	0.2	0.5	8
8.002	0	-8.002	0.001	-0.0515	0.0006	0.0088	0.0312	0.2	0.5	9
8.002	6.93	4.001	0.001	-0.1114	-0.0058	0.0171	0.0404	0.2	0.5	10
8.002	-6.93	4.001	0.001	-0.1825	-0.0095	-0.0159	0.0407	0.2	0.5	11
4.001	-0	4.001	0.001	2.8453	-0.0794	-0.0047	-0.0187	0.2	0.6	0
4.001	-3.465	-2.001	0.001	2.6476	0.0573	-0.0529	0.0232	0.2	0.6	1
4.001	3.465	-2.001	0.001	2.7092	0.024	0.01	-0.025	0.2	0.6	2
6.93	-3.465	-6.002	0	0.7012	-0.0405	-0.0588	-0.0807	0.2	0.6	3
6.93	3.465	6.002	0	0.7012	0.0405	0.0588	0.0807	0.2	0.6	4
6.93	3.465	-6.002	0	0.7186	0.0195	-0.0613	0.0526	0.2	0.6	5
6.93	-3.465	6.002	0	0.7186	-0.0195	0.0613	-0.0526	0.2	0.6	6
6.93	-6.93	0	0	0.7321	-0.0754	0.0004	0.0748	0.2	0.6	7
6.93	6.93	0	0	0.7321	0.0754	-0.0004	-0.0748	0.2	0.6	8
8.002	0	-8.002	0.001	-0.0155	0.0001	0.0098	0.0502	0.2	0.6	9
8.002	6.93	4.001	0.001	-0.1137	-0.0051	0.0271	0.0513	0.2	0.6	10
8.002	-6.93	4.001	0.001	-0.1506	-0.006	-0.0166	0.0449	0.2	0.6	11
4.001	-0	4.001	0.001	2.7212	-0.1717	-0.0064	0.0062	0.2	0.7	0
4.001	-3.465	-2.001	0.001	2.49	0.0574	-0.0461	-0.0088	0.2	0.7	1
4.001	3.465	-2.001	0.001	2.8778	0.0006	-0.0513	-0.0346	0.2	0.7	2
6.93	-3.465	-6.002	0	0.7005	-0.0547	-0.0692	-0.0851	0.2	0.7	3
6.93	3.465	6.002	0	0.7005	0.0547	0.0692	0.0851	0.2	0.7	4
6.93	3.465	-6.002	0	0.7175	0.0255	-0.0652	0.0563	0.2	0.7	5
6.93	-3.465	6.002	0	0.7175	-0.0255	0.0652	-0.0563	0.2	0.7	6
6.93	-6.93	0	0	0.7554	-0.0629	0.0019	0.0681	0.2	0.7	7
6.93	6.93	0	0	0.7554	0.0629	-0.0019	-0.0681	0.2	0.7	8
8.002	0	-8.002	0.001	-0.054	0.0159	0.0028	0.0535	0.2	0.7	9
8.002	6.93	4.001	0.001	-0.1594	-0.008	0.0227	0.0594	0.2	0.7	10
8.002	-6.93	4.001	0.001	-0.0736	0.004	-0.016	0.0359	0.2	0.7	11
4.001	-0	4.001	0	2.7609	-0.061	0.0038	-0.0339	0.2	0.8	0
4.001	-3.465	-2.001	0	2.5138	0.046	-0.034	-0.0354	0.2	0.8	1
4.001	3.465	-2.001	0	2.8766	-0.0062	-0.0613	-0.0582	0.2	0.8	2
6.93	-3.465	-6.002	0	0.7494	-0.054	-0.0738	-0.0764	0.2	0.8	3
6.93	3.465	6.002	0	0.7494	0.054	0.0738	0.0764	0.2	0.8	4
6.93	3.465	-6.002	0	0.7761	0.0342	-0.0618	0.0637	0.2	0.8	5
6.93	-3.465	6.002	0	0.7761	-0.0342	0.0618	-0.0637	0.2	0.8	6
6.93	-6.93	0	0	0.7812	-0.0738	0.0018	0.0725	0.2	0.8	7
6.93	6.93	0	0	0.7812	0.0738	-0.0018	-0.0725	0.2	0.8	8
8.002	0	-8.002	0	-0.1277	0.0107	0.0003	0.0348	0.2	0.8	9
8.002	6.93	4.001	0	-0.1498	-0.0116	0.0137	0.0477	0.2	0.8	10
8.002	-6.93	4.001	0	-0.0763	0.0003	-0.0107	0.022	0.2	0.8	11
4.001	-0	4.001	-0	2.8247	0.0106	0.0062	-0.0724	0.2	0.9	0
4.001	-3.465	-2.001	-0	2.5876	0.0458	-0.0202	-0.0368	0.2	0.9	1
4.001	3.465	-2.001	-0	2.7932	0.0153	-0.0327	-0.0517	0.2	0.9	2
6.93	-3.465	-6.002	0	0.7674	-0.046	-0.0717	-0.0699	0.2	0.9	3
6.93	3.465	6.002	0	0.7674	0.046	0.0717	0.0699	0.2	0.9	4
6.93	3.465	-6.002	0	0.8089	0.0321	-0.0567	0.0632	0.2	0.9	5
6.93	-3.465	6.002	0	0.8089	-0.0321	0.0567	-0.0632	0.2	0.9	6
6.93	-6.93	0	0	0.774	-0.0872	-0.0017	0.0775	0.2	0.9	7
6.93	6.93	0	0	0.774	0.0872	0.0017	-0.0775	0.2	0.9	8
8.002	0	-8.002	-0	-0.1605	-0.0045	0.0015	0.029	0.2	0.9	9
8.002	6.93	4.001	-0	-0.1127	-0.0161	0.0127	0.0412	0.2	0.9	10
8.002	-6.93	4.001	-0	-0.088	-0.0099	-0.0099	0.0226	0.2	0.9	11
4.001	-0	4.001	0	2.8416	0.0229	0	-0.0796	0.2	1	0
4.001	-3.465	-2.001	0	2.6543	0.042	-0.0036	-0.0282	0.2	1	1
4.001	3.465	-2.001	0	2.6543	0.0419	0.0036	-0.0282	0.2	1	2
6.93	-3.465	-6.002	0	0.7697	-0.0385	-0.068	-0.0679	0.2	1	3
6.93	3.465	6.002	0	0.7697	0.0385	0.068	0.0679	0.2	1	4
6.93	3.465	-6.002	0	0.8164	0.0288	-0.0583	0.0642	0.2	1	5
6.93	-3.465	6.002	0	0.8164	-0.0288	0.0583	-0.0642	0.2	1	6
6.93	-6.93	0	0	0.7526	-0.0932	-0.0041	0.0773	0.2	1	7
6.93	6.93	0	0	0.7526	0.0932	0.0041	-0.0773	0.2	1	8
8.002	0	-8.002	0	-0.1751	-0.0143	0	0.0271	0.2	1	9
8.002	6.93	4.001	0	-0.0879	-0.0201	0.0132	0.0345	0.2	1	10
8.002	-6.93	4.001	0	-0.0879	-0.0201	-0.0132	0.0345	0.2	1	11
4.001	-0	4.001	0	2.7105	0.0298	0	-0.0603	0.3	0	0
4.001	-3.465	-2.001	0	2.6324	0.0179	0.0055	-0.0438	0.3	0	1
4.001	3.465	-2.001	0	2.6324	0.0179	-0.0057	-0.0439	0.3	0	2
6.93	-3.465	-6.002	0	0.7961	-0.0427	-0.071	-0.0716	0.3	0	3
6.93	3.465	6.002	0	0.7961	0.0427	0.071	0.0716	0.3	0	4
6.93	3.465	-6.002	0	0.8187	0.0332	-0.0609	0.0685	0.3	0	5
6.93	-3.465	6.002	0	0.8187	-0.0332	0.0609	-0.0685	0.3	0	6
6.93	-6.93	0	0	0.7884	-0.0868	-0.003	0.0747	0.3	0	7
6.93	6.93	0	0	0.7884	0.0868	0.003	-0.0747	0.3	0	8
8.002	0	-8.002	0	-0.166	-0.0003	-0	0.0239	0.3	0	9
8.002	6.93	4.001	0	-0.1314	-0.0082	0.0084	0.021	0.3	0	10
8.002	-6.93	4.001	0	-0.1314	-0.0083	-0.0084	0.021	0.3	0	11
4.001	-0	4.001	0	2.8325	0.0112	-0.0066	-0.0737	0.3	0.1	0
4.001	-3.465	-2.001	0	2.8018	0.0149	0.0327	-0.0503	0.3	0.1	1
4.001	3.465	-2.001	0	2.5932	0.0457	0.0206	-0.0324	0.3	0.1	2
6.93	-3.465	-6.002	0	0.7663	-0.0399	-0.0696	-0.0689	0.3	0.1	3
6.93	3.465	6.002	0	0.7663	0.0399	0.0696	0.0689	0.3	0.1	4
6.93	3.465	-6.002	0	0.8033	0.0275	-0.0623	0.0629	0.3	0.1	5
6.93	-3.465	6.002	0	0.8033	-0.0275	0.0623	-0.0629	0.3	0.1	6
6.93	-6.93	0	0	0.7498	-0.0877	-0.0052	0.0697	0.3	0.1	7
6.93	6.93	0	0	0.7498	0.0877	0.0052	-0.0697	0.3	0.1	8
8.002	0	-8.002	0	-0.1603	-0.005	-0.0016	0.0298	0.3	0.1	9
8.002	6.93	4.001	0	-0.0874	-0.0099	0.0097	0.0231	0.3	0.1	10
8.002	-6.93	4.001	0	-0.1121	-0.0162	-0.0128	0.0414	0.3	0.1	11
4.001	-0	4.001	-0	2.8138	-0.0737	-0.0194	-0.0449	0.3	0.2	0
4.001	-3.465	-2.001	-0	2.8955	0.0077	0.0427	-0.038	0.3	0.2	1
4.001	3.465	-2.001	-0	2.457	0.0663	0.0521	-0.02	0.3	0.2	2
6.93	-3.465	-6.002	0	0.7259	-0.042	-0.0762	-0.0783	0.3	0.2	3
6.93	3.465	6.002	0	0.7259	0.042	0.0762	0.0783	0.3	0.2	4
6.93	3.465	-6.002	0	0.775	0.0269	-0.0756	0.0656	0.3	0.2	5
6.93	-3.465	6.002	0	0.775	-0.0269	0.0756	-0.0656	0.3	0.2	6
6.93	-6.93	0	0	0.7065	-0.0816	0.006	0.0555	0.3	0.2	7
6.93	6.93	0	0	0.7065	0.0816	-0.006	-0.0555	0.3	0.2	8
8.002	0	-8.002	-0	-0.1374	0.0055	-0.0031	0.0364	0.3	0.2	9
8.002	6.93	4.001	-0	-0.0729	-0.0122	0.0179	0.028	0.3	0.2	10
8.002	-6.93	4.001	-0	-0.062	-0.0124	-0.0054	0.0779	0.3	0.2	11
4.001	-0	4.001	0	2.9042	-0.0732	-0.0002	-0.0335	0.3	0.3	0
4.001	-3.465	-2.001	0	2.9043	0.0365	-0.0636	-0.0335	0.3	0.3	1
4.001	3.465	-2.001	0	2.4184	0.0492	0.0853	-0.0143	0.3	0.3	2
6.93	-3.465	-6.002	0	0.699	-0.0523	-0.0845	-0.0822	0.3	0.3	3
6.93	3.465	6.002	0	0.699	0.0523	0.0845	0.0822	0.3	0.3	4
6.93	3.465	-6.002	0	0.7489	0.0339	-0.0818	0.0741	0.3	0.3	5
6.93	-3.465	6.002	0	0.7489	-0.0339	0.0818	-0.0741	0.3	0.3	6
6.93	-6.93	0	0	0.6728	-0.0806	0.0272	0.0458	0.3	0.3	7
6.93	6.93	0	0	0.6728	0.0806	-0.0272	-0.0458	0.3	0.3	8
8.002	0	-8.002	0	-0.089	0.0356	0.002	0.0432	0.3	0.3	9
8.002	6.93	4.001	0	-0.089	-0.016	0.0318	0.0432	0.3	0.3	10
8.002	-6.93	4.001	0	-0.0266	0.0038	0.0066	0.1065	0.3	0.3	11
4.001	-0	4.001	0	2.8842	0.0321	0.0303	-0.0451	0.3	0.4	0
4.001	-3.465	-2.001	0	2.7567	0.0768	-0.1395	-0.0244	0.3	0.4	1
4.001	3.465	-2.001	0	2.4345	0.0087	0.0706	-0.0199	0.3	0.4	2
6.93	-3.465	-6.002	0	0.7309	-0.0504	-0.0731	-0.0643	0.3	0.4	3
6.93	3.465	6.002	0	0.7309	0.0504	0.0731	0.0643	0.3	0.4	4
6.93	3.465	-6.002	0	0.7684	0.0354	-0.0655	0.0744	0.3	0.4	5
6.93	-3.465	6.002	0	0.7684	-0.0354	0.0655	-0.0744	0.3	0.4	6
6.93	-6.93	0	0	0.7089	-0.0877	0.0228	0.0726	0.3	0.4	7
6.93	6.93	0	0	0.7089	0.0877	-0.0228	-0.0726	0.3	0.4	8
8.002	0	-8.002	0	-0.0895	0.0271	0.0077	0.0319	0.3	0.4	9
8.002	6.93	4.001	0	-0.0929	-0.0144	0.0195	0.0454	0.3	0.4	10
8.002	-6.93	4.001	0	-0.1064	-0.0057	-0.0128	0.0734	0.3	0.4	11
4.001	-0	4.001	0.001	2.8805	0.0446	0.0264	-0.0408	0.3	0.5	0
4.001	-3.465	-2.001	0.001	2.7341	0.0908	-0.1453	0.0049	0.3	0.5	1
4.001	3.465	-2.001	0.001	2.4932	0.0107	0.0732	-0.012	0.3	0.5	2
6.93	-3.465	-6.002	0	0.7173	-0.0438	-0.0546	-0.0562	0.3	0.5	3
6.93	3.465	6.002	0	0.7173	0.0438	0.0546	0.0562	0.3	0.5	4
6.93	3.465	-6.002	0	0.7545	0.0297	-0.0554	0.0681	0.3	0.5	5
6.93	-3.465	6.002	0	0.7545	-0.0297	0.0554	-0.0681	0.3	0.5	6
6.93	-6.93	0	0	0.6999	-0.0872	0.0129	0.085	0.3	0.5	7
6.93	6.93	0	0	0.6999	0.0872	-0.0129	-0.085	0.3	0.5	8
8.002	0	-8.002	0.001	-0.0733	0.0121	0.0114	0.0355	0.3	0.5	9
8.002	6.93	4.001	0.001	-0.0538	-0.0108	0.013	0.0524	0.3	0.5	10
8.002	-6.93	4.001	0.001	-0.159	-0.016	-0.0188	0.0586	0.3	0.5	11
4.001	-0	4.001	0.002	2.9521	-0.0445	0.0086	0.0018	0.3	0.6	0
4.001	-3.465	-2.001	0.002	2.8244	0.0971	-0.1387	0.0516	0.3	0.6	1
4.001	3.465	-2.001	0.002	2.7056	0.035	0.0898	0.0191	0.3	0.6	2
6.93	-3.465	-6.002	0	0.6641	-0.0366	-0.0418	-0.0631	0.3	0.6	3
6.93	3.465	6.002	0	0.6641	0.0366	0.0418	0.0631	0.3	0.6	4
6.93	3.465	-6.002	0	0.6877	0.0204	-0.0504	0.0616	0.3	0.6	5
6.93	-3.465	6.002	0	0.6877	-0.0204	0.0504	-0.0616	0.3	0.6	6
6.93	-6.93	0	0	0.6623	-0.0688	0.0058	0.08	0.3	0.6	7
6.93	6.93	0	0	0.6623	0.0688	-0.0058	-0.08	0.3	0.6	8
8.002	0	-8.002	0.002	-0.0236	0.0014	0.0104	0.0565	0.3	0.6	9
8.002	6.93	4.001	0.002	-0.0297	-0.0061	0.0129	0.0636	0.3	0.6	10
8.002	-6.93	4.001	0.002	-0.1212	-0.0142	-0.017	0.0636	0.3	0.6	11
4.001	-0	4.001	0.002	2.8245	-0.1687	-0.0147	0.0516	0.3	0.7	0
4.001	-3.465	-2.001	0.002	2.7059	0.0603	-0.0753	0.0191	0.3	0.7	1
4.001	3.465	-2.001	0.002	2.9523	0.0298	0.0343	0.0018	0.3	0.7	2
6.93	-3.465	-6.002	0	0.6624	-0.0395	-0.0566	-0.08	0.3	0.7	3
6.93	3.465	6.002	0	0.6624	0.0395	0.0566	0.08	0.3	0.7	4
6.93	3.465	-6.002	0	0.6642	0.018	-0.0526	0.0631	0.3	0.7	5
6.93	-3.465	6.002	0	0.6642	-0.018	0.0526	-0.0631	0.3	0.7	6
6.93	-6.93	0	0	0.6878	-0.0539	0.0075	0.0616	0.3	0.7	7
6.93	6.93	0	0	0.6878	0.0539	-0.0075	-0.0616	0.3	0.7	8
8.002	0	-8.002	0.002	-0.0297	0.0142	-0.0011	0.0636	0.3	0.7	9
8.002	6.93	4.001	0.002	-0.1213	-0.0076	0.0208	0.0636	0.3	0.7	10
8.002	-6.93	4.001	0.002	-0.0236	0.0083	-0.0065	0.0565	0.3	0.7	11
4.001	-0	4.001	0.001	2.6906	-0.0613	-0.0089	-0.0036	0.3	0.8	0
4.001	-3.465	-2.001	0.001	2.5752	0.0242	-0.0319	-0.031	0.3	0.8	1
4.001	3.465	-2.001	0.001	2.8433	-0.0051	-0.0334	-0.0526	0.3	0.8	2
6.93	-3.465	-6.002	0	0.7473	-0.0475	-0.0752	-0.0797	0.3	0.8	3
6.93	3.465	6.002	0	0.7473	0.0475	0.0752	0.0797	0.3	0.8	4
6.93	3.465	-6.002	0	0.7506	0.0329	-0.0608	0.0697	0.3	0.8	5
6.93	-3.465	6.002	0	0.7506	-0.0329	0.0608	-0.0697	0.3	0.8	6
6.93	-6.93	0	0	0.7666	-0.0661	0.0062	0.0619	0.3	0.8	7
6.93	6.93	0	0	0.7666	0.0661	-0.0062	-0.0619	0.3	0.8	8
8.002	0	-8.002	0.001	-0.1114	0.0177	-0.0035	0.0403	0.3	0.8	9
8.002	6.93	4.001	0.001	-0.1826	-0.009	0.0163	0.0406	0.3	0.8	10
8.002	-6.93	4.001	0.001	-0.0515	0.0073	-0.005	0.0311	0.3	0.8	11
4.001	-0	4.001	-0.001	2.7061	0.0138	-0.0009	-0.049	0.3	0.9	0
4.001	-3.465	-2.001	-0.001	2.592	0.0195	-0.0136	-0.0421	0.3	0.9	1
4.001	3.465	-2.001	-0.001	2.7291	-0.0005	-0.0275	-0.0599	0.3	0.9	2
6.93	-3.465	-6.002	0	0.7877	-0.0459	-0.0748	-0.0739	0.3	0.9	3
6.93	3.465	6.002	0	0.7877	0.0459	0.0748	0.0739	0.3	0.9	4
6.93	3.465	-6.002	0	0.8013	0.0357	-0.0606	0.0699	0.3	0.9	5
6.93	-3.465	6.002	0	0.8013	-0.0357	0.0606	-0.0699	0.3	0.9	6
6.93	-6.93	0	0	0.7911	-0.0799	0.0009	0.0702	0.3	0.9	7
6.93	6.93	0	0	0.7911	0.0799	-0.0009	-0.0702	0.3	0.9	8
8.002	0	-8.002	-0.001	-0.1517	0.0074	-0.0008	0.0282	0.3	0.9	9
8.002	6.93	4.001	-0.001	-0.1591	-0.0093	0.0115	0.027	0.3	0.9	10
8.002	-6.93	4.001	-0.001	-0.1041	-0.0014	-0.0057	0.0197	0.3	0.9	11
4.001	-0	4.001	0	2.7105	0.0298	0	-0.0603	0.3	1	0
4.001	-3.465	-2.001	0	2.6324	0.0179	0.0055	-0.0438	0.3	1	1
4.001	3.465	-2.001	0	2.6324	0.0179	-0.0057	-0.0439	0.3	1	2
6.93	-3.465	-6.002	0	0.7961	-0.0427	-0.071	-0.0716	0.3	1	3
6.93	3.465	6.002	0	0.7961	0.0427	0.071	0.0716	0.3	1	4
6.93	3.465	-6.002	0	0.8187	0.0332	-0.0609	0.0685	0.3	1	5
6.93	-3.465	6.002	0	0.8187	-0.0332	0.0609	-0.0685	0.3	1	6
6.93	-6.93	0	0	0.7884	-0.0868	-0.003	0.0747	0.3	1	7
6.93	6.93	0	0	0.7884	0.0868	0.003	-0.0747	0.3	1	8
8.002	0	-8.002	0	-0.166	-0.0003	-0	0.0239	0.3	1	9
8.002	6.93	4.001	0	-0.1314	-0.0082	0.0084	0.021	0.3	1	10
8.002	-6.93	4.001	0	-0.1314	-0.0083	-0.0084	0.021	0.3	1	11
4.001	-0	4.001	0	2.6503	0.0284	-0	-0.033	0.4	0	0
4.001	-3.465	-2.001	0	2.6124	0.0034	0.0009	-0.0547	0.4	0	1
4.001	3.465	-2.001	0	2.6124	0.0034	-0.001	-0.0547	0.4	0	2
6.93	-3.465	-6.002	0	0.8023	-0.045	-0.0711	-0.0707	0.4	0	3
6.93	3.465	6.002	0	0.8023	0.045	0.0711	0.0707	0.4	0	4
6.93	3.465	-6.002	0	0.8127	0.0366	-0.0642	0.0742	0.4	0	5
6.93	-3.465	6.002	0	0.8127	-0.0366	0.0642	-0.0742	0.4	0	6
6.93	-6.93	0	0	0.7942	-0.0857	-0.0017	0.0728	0.4	0	7
6.93	6.93	0	0	0.7942	0.0857	0.0017	-0.0728	0.4	0	8
8.002	0	-8.002	0	-0.1547	0.0114	0	0.0256	0.4	0	9
8.002	6.93	4.001	0	-0.1417	-0.003	0.0071	0.0209	0.4	0	10
8.002	-6.93	4.001	0	-0.1417	-0.003	-0.0071	0.0209	0.4	0	11
4.001	-0	4.001	0.001	2.7036	0.0129	0.0013	-0.0412	0.4	0.1	0
4.001	-3.465	-2.001	0.001	2.7335	0.0003	0.0289	-0.0637	0.4	0.1	1
4.001	3.465	-2.001	0.001	2.5876	0.0203	0.0127	-0.049	0.4	0.1	2
6.93	-3.465	-6.002	0	0.7872	-0.0445	-0.0684	-0.069	0.4	0.1	3
6.93	3.465	6.002	0	0.7872	0.0445	0.0684	0.069	0.4	0.1	4
6.93	3.465	-6.002	0	0.8114	0.0323	-0.0637	0.0687	0.4	0.1	5
6.93	-3.465	6.002	0	0.8114	-0.0323	0.0637	-0.0687	0.4	0.1	6
6.93	-6.93	0	0	0.7803	-0.0862	-0.0055	0.0742	0.4	0.1	7
6.93	6.93	0	0	0.7803	0.0862	0.0055	-0.0742	0.4	0.1	8
8.002	0	-8.002	0.001	-0.1513	0.0085	0.0009	0.0273	0.4	0.1	9
8.002	6.93	4.001	0.001	-0.1038	-0.0011	0.0056	0.0199	0.4	0.1	10
8.002	-6.93	4.001	0.001	-0.1588	-0.0089	-0.0111	0.0278	0.4	0.1	11
4.001	-0	4.001	-0.001	2.7821	-0.0646	-0.004	-0.0324	0.4	0.2	0
4.001	-3.465	-2.001	-0.001	2.8856	-0.0073	0.0662	-0.0549	0.4	0.2	1
4.001	3.465	-2.001	-0.001	2.5197	0.0483	0.0366	-0.0374	0.4	0.2	2
6.93	-3.465	-6.002	0	0.7382	-0.0467	-0.0734	-0.0753	0.4	0.2	3
6.93	3.465	6.002	0	0.7382	0.0467	0.0734	0.0753	0.4	0.2	4
6.93	3.465	-6.002	0	0.7823	0.0244	-0.0685	0.0614	0.4	0.2	5
6.93	-3.465	6.002	0	0.7823	-0.0244	0.0685	-0.0614	0.4	0.2	6
6.93	-6.93	0	0	0.7481	-0.0798	-0.0038	0.0695	0.4	0.2	7
6.93	6.93	0	0	0.7481	0.0798	0.0038	-0.0695	0.4	0.2	8
8.002	0	-8.002	-0.001	-0.1248	0.011	0	0.0371	0.4	0.2	9
8.002	6.93	4.001	-0.001	-0.0694	0.0006	0.0111	0.0234	0.4	0.2	10
8.002	-6.93	4.001	-0.001	-0.1487	-0.0118	-0.0135	0.0511	0.4	0.2	11
4.001	-0	4.001	-0	2.7493	-0.1588	-0.0028	-0.0232	0.4	0.3	0
4.001	-3.465	-2.001	-0	2.8735	0.0109	0.0424	-0.041	0.4	0.3	1
4.001	3.465	-2.001	-0	2.4327	0.0564	0.0428	-0.0213	0.4	0.3	2
6.93	-3.465	-6.002	0	0.689	-0.0554	-0.0869	-0.0882	0.4	0.3	3
6.93	3.465	6.002	0	0.689	0.0554	0.0869	0.0882	0.4	0.3	4
6.93	3.465	-6.002	0	0.7552	0.0214	-0.078	0.0578	0.4	0.3	5
6.93	-3.465	6.002	0	0.7552	-0.0214	0.078	-0.0578	0.4	0.3	6
6.93	-6.93	0	0	0.7251	-0.0743	0.0087	0.0624	0.4	0.3	7
6.93	6.93	0	0	0.7251	0.0743	-0.0087	-0.0624	0.4	0.3	8
8.002	0	-8.002	-0	-0.0932	0.0238	-0.0026	0.0455	0.4	0.3	9
8.002	6.93	4.001	-0	-0.0897	-0.0069	0.0274	0.0318	0.4	0.3	10
8.002	-6.93	4.001	-0	-0.1071	-0.008	-0.0109	0.0737	0.4	0.3	11
4.001	-0	4.001	0	2.7554	-0.0764	0.0263	-0.0402	0.4	0.4	0
4.001	-3.465	-2.001	0	2.7555	0.0609	-0.0531	-0.0402	0.4	0.4	1
4.001	3.465	-2.001	0	2.4802	0.0113	0.0196	-0.0032	0.4	0.4	2
6.93	-3.465	-6.002	0	0.7104	-0.0617	-0.0885	-0.0768	0.4	0.4	3
6.93	3.465	6.002	0	0.7104	0.0617	0.0885	0.0768	0.4	0.4	4
6.93	3.465	-6.002	0	0.7657	0.032	-0.0754	0.0623	0.4	0.4	5
6.93	-3.465	6.002	0	0.7657	-0.032	0.0754	-0.0623	0.4	0.4	6
6.93	-6.93	0	0	0.7325	-0.0796	0.0144	0.0724	0.4	0.4	7
6.93	6.93	0	0	0.7325	0.0796	-0.0144	-0.0724	0.4	0.4	8
8.002	0	-8.002	0	-0.108	0.029	-0.0018	0.0423	0.4	0.4	9
8.002	6.93	4.001	0	-0.108	-0.0161	0.0242	0.0423	0.4	0.4	10
8.002	-6.93	4.001	0	-0.1003	-0.0088	-0.0153	0.0654	0.4	0.4	11
4.001	-0	4.001	0.002	2.7126	-0.0053	0.0262	-0.0371	0.4	0.5	0
4.001	-3.465	-2.001	0.002	2.7027	0.057	-0.0692	-0.0362	0.4	0.5	1
4.001	3.465	-2.001	0.002	2.5223	-0.0044	0.0246	-0.0048	0.4	0.5	2
6.93	-3.465	-6.002	0	0.743	-0.052	-0.0686	-0.0606	0.4	0.5	3
6.93	3.465	6.002	0	0.743	0.052	0.0686	0.0606	0.4	0.5	4
6.93	3.465	-6.002	0	0.777	0.0383	-0.0689	0.0702	0.4	0.5	5
6.93	-3.465	6.002	0	0.777	-0.0383	0.0689	-0.0702	0.4	0.5	6
6.93	-6.93	0	0	0.7399	-0.0819	0.0087	0.0831	0.4	0.5	7
6.93	6.93	0	0	0.7399	0.0819	-0.0087	-0.0831	0.4	0.5	8
8.002	0	-8.002	0.002	-0.1497	0.019	0.002	0.0321	0.4	0.5	9
8.002	6.93	4.001	0.002	-0.0754	-0.0117	0.0064	0.0412	0.4	0.5	10
8.002	-6.93	4.001	0.002	-0.1327	-0.0151	-0.0165	0.0468	0.4	0.5	11
4.001	-0	4.001	0.002	2.7134	-0.0214	0.0162	-0.0245	0.4	0.6	0
4.001	-3.465	-2.001	0.002	2.8338	0.0445	-0.0673	-0.0237	0.4	0.6	1
4.001	3.465	-2.001	0.002	2.635	0.0178	0.0768	0.0182	0.4	0.6	2
6.93	-3.465	-6.002	0	0.7177	-0.0434	-0.0472	-0.0521	0.4	0.6	3
6.93	3.465	6.002	0	0.7177	0.0434	0.0472	0.0521	0.4	0.6	4
6.93	3.465	-6.002	0	0.7323	0.0374	-0.0655	0.0747	0.4	0.6	5
6.93	-3.465	6.002	0	0.7323	-0.0374	0.0655	-0.0747	0.4	0.6	6
6.93	-6.93	0	0	0.7009	-0.071	0.0058	0.0809	0.4	0.6	7
6.93	6.93	0	0	0.7009	0.071	-0.0058	-0.0809	0.4	0.6	8
8.002	0	-8.002	0.002	-0.1506	0.0183	0.003	0.0442	0.4	0.6	9
8.002	6.93	4.001	0.002	-0.0139	-0.0086	-0.0049	0.0503	0.4	0.6	10
8.002	-6.93	4.001	0.002	-0.113	-0.0213	-0.0182	0.0513	0.4	0.6	11
4.001	-0	4.001	0.002	2.7059	-0.0955	-0.0144	0.0191	0.4	0.7	0
4.001	-3.465	-2.001	0.002	2.9523	0.0147	-0.0428	0.0017	0.4	0.7	1
4.001	3.465	-2.001	0.002	2.8245	0.0715	0.1537	0.0516	0.4	0.7	2
6.93	-3.465	-6.002	0	0.6878	-0.0334	-0.0429	-0.0616	0.4	0.7	3
6.93	3.465	6.002	0	0.6878	0.0334	0.0429	0.0616	0.4	0.7	4
6.93	3.465	-6.002	0	0.6624	0.0293	-0.0625	0.08	0.4	0.7	5
6.93	-3.465	6.002	0	0.6624	-0.0293	0.0625	-0.08	0.4	0.7	6
6.93	-6.93	0	0	0.6642	-0.0545	0.0107	0.0631	0.4	0.7	7
6.93	6.93	0	0	0.6642	0.0545	-0.0107	-0.0631	0.4	0.7	8
8.002	0	-8.002	0.002	-0.1213	0.0219	-0.0038	0.0636	0.4	0.7	9
8.002	6.93	4.001	0.002	-0.0236	-0.0097	-0.0039	0.0565	0.4	0.7	10
8.002	-6.93	4.001	0.002	-0.0297	-0.0081	-0.0117	0.0636	0.4	0.7	11
4.001	-0	4.001	-0	2.657	-0.0745	-0.0234	0.0233	0.4	0.8	0
4.001	-3.465	-2.001	-0	2.7178	-0.0035	-0.0255	-0.0274	0.4	0.8	1
4.001	3.465	-2.001	-0	2.8497	0.0358	0.0707	-0.0194	0.4	0.8	2
6.93	-3.465	-6.002	0	0.7309	-0.0382	-0.0651	-0.0747	0.4	0.8	3
6.93	3.465	6.002	0	0.7309	0.0382	0.0651	0.0747	0.4	0.8	4
6.93	3.465	-6.002	0	0.7003	0.0306	-0.0645	0.0806	0.4	0.8	5
6.93	-3.465	6.002	0	0.7003	-0.0306	0.0645	-0.0806	0.4	0.8	6
6.93	-6.93	0	0	0.718	-0.0628	0.0139	0.0525	0.4	0.8	7
6.93	6.93	0	0	0.718	0.0628	-0.0139	-0.0525	0.4	0.8	8
8.002	0	-8.002	-0	-0.1133	0.0263	-0.0091	0.051	0.4	0.8	9
8.002	6.93	4.001	-0	-0.1505	-0.0114	0.0135	0.0449	0.4	0.8	10
8.002	-6.93	4.001	-0	-0.0149	0.0084	-0.0052	0.05	0.4	0.8	11
4.001	-0	4.001	0.001	2.6772	0.0067	-0.008	-0.0188	0.4	0.9	0
4.001	-3.465	-2.001	0.001	2.6483	-0.0002	-0.0171	-0.0478	0.4	0.9	1
4.001	3.465	-2.001	0.001	2.7646	-0.0019	0.0008	-0.0633	0.4	0.9	2
6.93	-3.465	-6.002	0	0.7803	-0.0445	-0.0738	-0.072	0.4	0.9	3
6.93	3.465	6.002	0	0.7803	0.0445	0.0738	0.072	0.4	0.9	4
6.93	3.465	-6.002	0	0.7722	0.037	-0.0652	0.0765	0.4	0.9	5
6.93	-3.465	6.002	0	0.7722	-0.037	0.0652	-0.0765	0.4	0.9	6
6.93	-6.93	0	0	0.7699	-0.0788	0.0051	0.0622	0.4	0.9	7
6.93	6.93	0	0	0.7699	0.0788	-0.0051	-0.0622	0.4	0.9	8
8.002	0	-8.002	0.001	-0.1366	0.0187	-0.0035	0.0354	0.4	0.9	9
8.002	6.93	4.001	0.001	-0.1666	-0.0071	0.0131	0.0302	0.4	0.9	10
8.002	-6.93	4.001	0.001	-0.0805	0.0029	-0.006	0.0302	0.4	0.9	11
4.001	-0	4.001	0	2.6503	0.0284	-0	-0.033	0.4	1	0
4.001	-3.465	-2.001	0	2.6124	0.0034	0.0009	-0.0547	0.4	1	1
4.001	3.465	-2.001	0	2.6124	0.0034	-0.001	-0.0547	0.4	1	2
6.93	-3.465	-6.002	0	0.8023	-0.045	-0.0711	-0.0707	0.4	1	3
6.93	3.465	6.002	0	0.8023	0.045	0.0711	0.0707	0.4	1	4
6.93	3.465	-6.002	0	0.8127	0.0366	-0.0642	0.0742	0.4	1	5
6.93	-3.465	6.002	0	0.8127	-0.0366	0.0642	-0.0742	0.4	1	6
6.93	-6.93	0	0	0.7942	-0.0857	-0.0017	0.0728	0.4	1	7
6.93	6.93	0	0	0.7942	0.0857	0.0017	-0.0728	0.4	1	8
8.002	0	-8.002	0	-0.1547	0.0114	0	0.0256	0.4	1	9
8.002	6.93	4.001	0	-0.1417	-0.003	0.0071	0.0209	0.4	1	10
8.002	-6.93	4.001	0	-0.1417	-0.003	-0.0071	0.0209	0.4	1	11
4.001	-0	4.001	0	2.6067	0.0187	-0.0001	-0.0212	0.5	0	0
4.001	-3.465	-2.001	0	2.6763	-0.0045	-0.0246	-0.0526	0.5	0	1
4.001	3.465	-2.001	0	2.6763	-0.0045	0.0246	-0.0526	0.5	0	2
6.93	-3.465	-6.002	0	0.7909	-0.0471	-0.0692	-0.0651	0.5	0	3
6.93	3.465	6.002	0	0.7909	0.0471	0.0692	0.0651	0.5	0	4
6.93	3.465	-6.002	0	0.7836	0.0364	-0.0691	0.0791	0.5	0	5
6.93	-3.465	6.002	0	0.7836	-0.0364	0.0691	-0.0791	0.5	0	6
6.93	-6.93	0	0	0.765	-0.0928	0.0021	0.0709	0.5	0	7
6.93	6.93	0	0	0.765	0.0928	-0.0021	-0.0709	0.5	0	8
8.002	0	-8.002	0	-0.1354	0.0199	0	0.0376	0.5	0	9
8.002	6.93	4.001	0	-0.128	-0.0032	0.0122	0.0301	0.5	0	10
8.002	-6.93	4.001	0	-0.128	-0.0032	-0.0122	0.0301	0.5	0	11
4.001	-0	4.001	-0.001	2.6768	0.0075	0.0089	-0.0209	0.5	0.1	0
4.001	-3.465	-2.001	-0.001	2.7729	-0.0017	-0.0006	-0.0608	0.5	0.1	1
4.001	3.465	-2.001	-0.001	2.6601	-0.0007	0.0178	-0.051	0.5	0.1	2
6.93	-3.465	-6.002	0	0.7818	-0.0496	-0.0644	-0.0629	0.5	0.1	3
6.93	3.465	6.002	0	0.7818	0.0496	0.0644	0.0629	0.5	0.1	4
6.93	3.465	-6.002	0	0.7982	0.0347	-0.0656	0.0745	0.5	0.1	5
6.93	-3.465	6.002	0	0.7982	-0.0347	0.0656	-0.0745	0.5	0.1	6
6.93	-6.93	0	0	0.7652	-0.0911	-0.0045	0.0768	0.5	0.1	7
6.93	6.93	0	0	0.7652	0.0911	0.0045	-0.0768	0.5	0.1	8
8.002	0	-8.002	-0.001	-0.1351	0.0189	0.0038	0.0363	0.5	0.1	9
8.002	6.93	4.001	-0.001	-0.0779	0.0029	0.0064	0.0304	0.5	0.1	10
8.002	-6.93	4.001	-0.001	-0.1665	-0.0071	-0.013	0.0312	0.5	0.1	11
4.001	-0	4.001	-0.001	2.6771	-0.0632	0.0092	-0.0015	0.5	0.2	0
4.001	-3.465	-2.001	-0.001	2.819	-0.0057	0.0352	-0.0572	0.5	0.2	1
4.001	3.465	-2.001	-0.001	2.5582	0.025	0.0326	-0.0308	0.5	0.2	2
6.93	-3.465	-6.002	0	0.7529	-0.0496	-0.066	-0.0707	0.5	0.2	3
6.93	3.465	6.002	0	0.7529	0.0496	0.066	0.0707	0.5	0.2	4
6.93	3.465	-6.002	0	0.7877	0.0281	-0.0668	0.0683	0.5	0.2	5
6.93	-3.465	6.002	0	0.7877	-0.0281	0.0668	-0.0683	0.5	0.2	6
6.93	-6.93	0	0	0.7641	-0.082	-0.0058	0.0798	0.5	0.2	7
6.93	6.93	0	0	0.7641	0.082	0.0058	-0.0798	0.5	0.2	8
8.002	0	-8.002	-0.001	-0.1109	0.0182	0.0036	0.0406	0.5	0.2	9
8.002	6.93	4.001	-0.001	-0.0503	0.0076	0.0045	0.0317	0.5	0.2	10
8.002	-6.93	4.001	-0.001	-0.1833	-0.0093	-0.0167	0.0411	0.5	0.2	11
4.001	-0	4.001	-0.001	2.7195	-0.1715	0.0061	0.0071	0.5	0.3	0
4.001	-3.465	-2.001	-0.001	2.8786	0.0005	0.0513	-0.0352	0.5	0.3	1
4.001	3.465	-2.001	-0.001	2.4895	0.0575	0.0459	-0.0074	0.5	0.3	2
6.93	-3.465	-6.002	0	0.703	-0.0503	-0.0774	-0.0852	0.5	0.3	3
6.93	3.465	6.002	0	0.703	0.0503	0.0774	0.0852	0.5	0.3	4
6.93	3.465	-6.002	0	0.7509	0.0157	-0.0737	0.0573	0.5	0.3	5
6.93	-3.465	6.002	0	0.7509	-0.0157	0.0737	-0.0573	0.5	0.3	6
6.93	-6.93	0	0	0.7552	-0.0714	0.0003	0.0773	0.5	0.3	7
6.93	6.93	0	0	0.7552	0.0714	-0.0003	-0.0773	0.5	0.3	8
8.002	0	-8.002	-0.001	-0.0541	0.0159	-0.0028	0.0535	0.5	0.3	9
8.002	6.93	4.001	-0.001	-0.0738	0.0041	0.0158	0.0361	0.5	0.3	10
8.002	-6.93	4.001	-0.001	-0.1594	-0.008	-0.0228	0.0594	0.5	0.3	11
4.001	-0	4.001	-0	2.6781	-0.0894	0.0152	-0.0386	0.5	0.4	0
4.001	-3.465	-2.001	-0	2.701	0.0254	0.0081	-0.0349	0.5	0.4	1
4.001	3.465	-2.001	-0	2.5091	0.0234	0.0087	-0.006	0.5	0.4	2
6.93	-3.465	-6.002	0	0.7351	-0.0513	-0.0864	-0.0841	0.5	0.4	3
6.93	3.465	6.002	0	0.7351	0.0513	0.0864	0.0841	0.5	0.4	4
6.93	3.465	-6.002	0	0.7737	0.0248	-0.0767	0.0589	0.5	0.4	5
6.93	-3.465	6.002	0	0.7737	-0.0248	0.0767	-0.0589	0.5	0.4	6
6.93	-6.93	0	0	0.7793	-0.0754	0.005	0.0781	0.5	0.4	7
6.93	6.93	0	0	0.7793	0.0754	-0.005	-0.0781	0.5	0.4	8
8.002	0	-8.002	-0	-0.0753	0.0111	-0.0069	0.0415	0.5	0.4	9
8.002	6.93	4.001	-0	-0.1502	-0.008	0.0179	0.0319	0.5	0.4	10
8.002	-6.93	4.001	-0	-0.133	-0.0067	-0.0212	0.0471	0.5	0.4	11
4.001	-0	4.001	0	2.7118	-0.02	0.0167	-0.054	0.5	0.5	0
4.001	-3.465	-2.001	0	2.7118	0.0245	-0.0089	-0.054	0.5	0.5	1
4.001	3.465	-2.001	0	2.6186	-0.0104	-0.018	-0.02	0.5	0.5	2
6.93	-3.465	-6.002	0	0.7599	-0.0485	-0.0798	-0.07	0.5	0.5	3
6.93	3.465	6.002	0	0.7599	0.0485	0.0798	0.07	0.5	0.5	4
6.93	3.465	-6.002	0	0.7869	0.0363	-0.0755	0.0642	0.5	0.5	5
6.93	-3.465	6.002	0	0.7869	-0.0363	0.0755	-0.0642	0.5	0.5	6
6.93	-6.93	0	0	0.7798	-0.0778	0.003	0.0789	0.5	0.5	7
6.93	6.93	0	0	0.7798	0.0778	-0.003	-0.0789	0.5	0.5	8
8.002	0	-8.002	0	-0.1253	0.0127	-0.0035	0.0317	0.5	0.5	9
8.002	6.93	4.001	0	-0.1253	-0.0094	0.0092	0.0317	0.5	0.5	10
8.002	-6.93	4.001	0	-0.1316	-0.0105	-0.0182	0.0396	0.5	0.5	11
4.001	-0	4.001	0.001	2.6553	-0.015	0.0085	-0.0491	0.5	0.6	0
4.001	-3.465	-2.001	0.001	2.7682	0.0014	0.001	-0.0655	0.5	0.6	1
4.001	3.465	-2.001	0.001	2.665	-0.0103	-0.0019	-0.0205	0.5	0.6	2
6.93	-3.465	-6.002	0	0.7696	-0.0439	-0.0658	-0.0621	0.5	0.6	3
6.93	3.465	6.002	0	0.7696	0.0439	0.0658	0.0621	0.5	0.6	4
6.93	3.465	-6.002	0	0.7803	0.0417	-0.0754	0.0721	0.5	0.6	5
6.93	-3.465	6.002	0	0.7803	-0.0417	0.0754	-0.0721	0.5	0.6	6
6.93	-6.93	0	0	0.7726	-0.075	0.0007	0.0766	0.5	0.6	7
6.93	6.93	0	0	0.7726	0.075	-0.0007	-0.0766	0.5	0.6	8
8.002	0	-8.002	0.001	-0.1669	0.0151	-0.0005	0.0298	0.5	0.6	9
8.002	6.93	4.001	0.001	-0.0808	-0.0068	0.0005	0.03	0.5	0.6	10
8.002	-6.93	4.001	0.001	-0.1362	-0.0125	-0.0146	0.035	0.5	0.6	11
4.001	-0	4.001	0.001	2.5581	-0.0404	-0.0045	-0.0327	0.5	0.7	0
4.001	-3.465	-2.001	0.001	2.8379	-0.0265	0.0215	-0.0536	0.5	0.7	1
4.001	3.465	-2.001	0.001	2.6832	0.0229	0.0583	-0.0064	0.5	0.7	2
6.93	-3.465	-6.002	0	0.7675	-0.0383	-0.0539	-0.0619	0.5	0.7	3
6.93	3.465	6.002	0	0.7675	0.0383	0.0539	0.0619	0.5	0.7	4
6.93	3.465	-6.002	0	0.7481	0.0414	-0.0789	0.0798	0.5	0.7	5
6.93	-3.465	6.002	0	0.7481	-0.0414	0.0789	-0.0798	0.5	0.7	6
6.93	-6.93	0	0	0.7508	-0.0689	0.0019	0.0696	0.5	0.7	7
6.93	6.93	0	0	0.7508	0.0689	-0.0019	-0.0696	0.5	0.7	8
8.002	0	-8.002	0.001	-0.1827	0.0189	-0.0003	0.0406	0.5	0.7	9
8.002	6.93	4.001	0.001	-0.0511	-0.008	-0.0037	0.0308	0.5	0.7	10
8.002	-6.93	4.001	0.001	-0.1113	-0.0121	-0.0137	0.0404	0.5	0.7	11
4.001	-0	4.001	0.001	2.4919	-0.0685	-0.0268	-0.0083	0.5	0.8	0
4.001	-3.465	-2.001	0.001	2.8846	-0.0448	0.0252	-0.036	0.5	0.8	1
4.001	3.465	-2.001	0.001	2.7213	0.0802	0.1513	0.0071	0.5	0.8	2
6.93	-3.465	-6.002	0	0.7549	-0.0331	-0.0536	-0.0681	0.5	0.8	3
6.93	3.465	6.002	0	0.7549	0.0331	0.0536	0.0681	0.5	0.8	4
6.93	3.465	-6.002	0	0.7004	0.0326	-0.0819	0.0851	0.5	0.8	5
6.93	-3.465	6.002	0	0.7004	-0.0326	0.0819	-0.0851	0.5	0.8	6
6.93	-6.93	0	0	0.7176	-0.0692	0.0105	0.0563	0.5	0.8	7
6.93	6.93	0	0	0.7176	0.0692	-0.0105	-0.0563	0.5	0.8	8
8.002	0	-8.002	0.001	-0.1593	0.0237	-0.0045	0.0593	0.5	0.8	9
8.002	6.93	4.001	0.001	-0.0739	-0.0157	0.0044	0.036	0.5	0.8	10
8.002	-6.93	4.001	0.001	-0.054	-0.0056	-0.0153	0.0533	0.5	0.8	11
4.001	-0	4.001	0.001	2.5119	-0.0195	-0.0161	-0.0047	0.5	0.9	0
4.001	-3.465	-2.001	0.001	2.6997	-0.02	-0.0179	-0.0362	0.5	0.9	1
4.001	3.465	-2.001	0.001	2.6868	0.0315	0.0847	-0.0382	0.5	0.9	2
6.93	-3.465	-6.002	0	0.778	-0.0406	-0.0676	-0.0703	0.5	0.9	3
6.93	3.465	6.002	0	0.778	0.0406	0.0676	0.0703	0.5	0.9	4
6.93	3.465	-6.002	0	0.7409	0.0334	-0.0753	0.0833	0.5	0.9	5
6.93	-3.465	6.002	0	0.7409	-0.0334	0.0753	-0.0833	0.5	0.9	6
6.93	-6.93	0	0	0.7437	-0.0854	0.0108	0.0607	0.5	0.9	7
6.93	6.93	0	0	0.7437	0.0854	-0.0108	-0.0607	0.5	0.9	8
8.002	0	-8.002	0.001	-0.133	0.0219	-0.0048	0.0469	0.5	0.9	9
8.002	6.93	4.001	0.001	-0.15	-0.0114	0.0157	0.0321	0.5	0.9	10
8.002	-6.93	4.001	0.001	-0.0754	0.0004	-0.0132	0.0415	0.5	0.9	11
4.001	-0	4.001	0	2.6067	0.0187	-0.0001	-0.0212	0.5	1	0
4.001	-3.465	-2.001	0	2.6763	-0.0045	-0.0246	-0.0526	0.5	1	1
4.001	3.465	-2.001	0	2.6763	-0.0045	0.0246	-0.0526	0.5	1	2
6.93	-3.465	-6.002	0	0.7909	-0.0471	-0.0692	-0.0651	0.5	1	3
6.93	3.465	6.002	0	0.7909	0.0471	0.0692	0.0651	0.5	1	4
6.93	3.465	-6.002	0	0.7836	0.0364	-0.0691	0.0791	0.5	1	5
6.93	-3.465	6.002	0	0.7836	-0.0364	0.0691	-0.0791	0.5	1	6
6.93	-6.93	0	0	0.765	-0.0928	0.0021	0.0709	0.5	1	7
6.93	6.93	0	0	0.765	0.0928	-0.0021	-0.0709	0.5	1	8
8.002	0	-8.002	0	-0.1354	0.0199	0	0.0376	0.5	1	9
8.002	6.93	4.001	0	-0.128	-0.0032	0.0122	0.0301	0.5	1	10
8.002	-6.93	4.001	0	-0.128	-0.0032	-0.0122	0.0301	0.5	1	11
4.001	-0	4.001	0	2.4827	-0.0222	-0	-0.0079	0.6	0	0
4.001	-3.465	-2.001	0	2.7657	0.0151	-0.0799	-0.0399	0.6	0	1
4.001	3.465	-2.001	0	2.7657	0.0149	0.08	-0.0399	0.6	0	2
6.93	-3.465	-6.002	0	0.7652	-0.0493	-0.0654	-0.0622	0.6	0	3
6.93	3.465	6.002	0	0.7652	0.0493	0.0654	0.0622	0.6	0	4
6.93	3.465	-6.002	0	0.731	0.0271	-0.0761	0.0723	0.6	0	5
6.93	-3.465	6.002	0	0.731	-0.0271	0.0761	-0.0723	0.6	0	6
6.93	-6.93	0	0	0.7092	-0.1076	0.0093	0.0766	0.6	0	7
6.93	6.93	0	0	0.7092	0.1076	-0.0093	-0.0766	0.6	0	8
8.002	0	-8.002	0	-0.0994	0.0176	0	0.0659	0.6	0	9
8.002	6.93	4.001	0	-0.1074	-0.0132	0.0265	0.0421	0.6	0	10
8.002	-6.93	4.001	0	-0.1074	-0.0132	-0.0265	0.0421	0.6	0	11
4.001	-0	4.001	-0	2.5177	-0.0192	0.0163	-0.0079	0.6	0.1	0
4.001	-3.465	-2.001	-0	2.6757	0.0314	-0.0848	-0.0374	0.6	0.1	1
4.001	3.465	-2.001	-0	2.7067	-0.0203	0.018	-0.037	0.6	0.1	2
6.93	-3.465	-6.002	0	0.7736	-0.0542	-0.0599	-0.0588	0.6	0.1	3
6.93	3.465	6.002	0	0.7736	0.0542	0.0599	0.0588	0.6	0.1	4
6.93	3.465	-6.002	0	0.7789	0.0334	-0.0679	0.078	0.6	0.1	5
6.93	-3.465	6.002	0	0.7789	-0.0334	0.0679	-0.078	0.6	0.1	6
6.93	-6.93	0	0	0.7345	-0.1004	0.0014	0.0841	0.6	0.1	7
6.93	6.93	0	0	0.7345	0.1004	-0.0014	-0.0841	0.6	0.1	8
8.002	0	-8.002	-0	-0.1332	0.0217	0.0048	0.0469	0.6	0.1	9
8.002	6.93	4.001	-0	-0.0748	0.0003	0.0134	0.0411	0.6	0.1	10
8.002	-6.93	4.001	-0	-0.1501	-0.0115	-0.0158	0.0318	0.6	0.1	11
4.001	-0	4.001	-0.003	2.6553	-0.0747	0.0233	0.0222	0.6	0.2	0
4.001	-3.465	-2.001	-0.003	2.8517	0.036	-0.0714	-0.0174	0.6	0.2	1
4.001	3.465	-2.001	-0.003	2.7037	-0.0038	0.0262	-0.0253	0.6	0.2	2
6.93	-3.465	-6.002	0	0.7415	-0.0556	-0.0541	-0.0609	0.6	0.2	3
6.93	3.465	6.002	0	0.7415	0.0556	0.0541	0.0609	0.6	0.2	4
6.93	3.465	-6.002	0	0.7718	0.0311	-0.0636	0.0775	0.6	0.2	5
6.93	-3.465	6.002	0	0.7718	-0.0311	0.0636	-0.0775	0.6	0.2	6
6.93	-6.93	0	0	0.7262	-0.087	-0.0016	0.0864	0.6	0.2	7
6.93	6.93	0	0	0.7262	0.087	0.0016	-0.0864	0.6	0.2	8
8.002	0	-8.002	-0.003	-0.1135	0.0261	0.0093	0.0515	0.6	0.2	9
8.002	6.93	4.001	-0.003	-0.0147	0.0084	0.005	0.0503	0.6	0.2	10
8.002	-6.93	4.001	-0.003	-0.1502	-0.0113	-0.0136	0.0452	0.6	0.2	11
4.001	-0	4.001	-0.002	2.8248	-0.1686	0.0149	0.0518	0.6	0.3	0
4.001	-3.465	-2.001	-0.002	2.9527	0.0298	-0.0341	0.002	0.6	0.3	1
4.001	3.465	-2.001	-0.002	2.7063	0.0603	0.0754	0.0193	0.6	0.3	2
6.93	-3.465	-6.002	0	0.6987	-0.0471	-0.0606	-0.0784	0.6	0.3	3
6.93	3.465	6.002	0	0.6987	0.0471	0.0606	0.0784	0.6	0.3	4
6.93	3.465	-6.002	0	0.7273	0.0192	-0.0672	0.0685	0.6	0.3	5
6.93	-3.465	6.002	0	0.7273	-0.0192	0.0672	-0.0685	0.6	0.3	6
6.93	-6.93	0	0	0.7255	-0.0697	0.0008	0.0841	0.6	0.3	7
6.93	6.93	0	0	0.7255	0.0697	-0.0008	-0.0841	0.6	0.3	8
8.002	0	-8.002	-0.002	-0.0297	0.0142	0.0012	0.0637	0.6	0.3	9
8.002	6.93	4.001	-0.002	-0.0236	0.0083	0.0065	0.0565	0.6	0.3	10
8.002	-6.93	4.001	-0.002	-0.1213	-0.0076	-0.0208	0.0636	0.6	0.3	11
4.001	-0	4.001	-0.001	2.8406	-0.0803	0.0045	-0.0185	0.6	0.4	0
4.001	-3.465	-2.001	-0.001	2.7175	0.0245	-0.0102	-0.0248	0.6	0.4	1
4.001	3.465	-2.001	-0.001	2.6366	0.0579	0.0533	0.0225	0.6	0.4	2
6.93	-3.465	-6.002	0	0.7265	-0.0418	-0.0763	-0.0863	0.6	0.4	3
6.93	3.465	6.002	0	0.7265	0.0418	0.0763	0.0863	0.6	0.4	4
6.93	3.465	-6.002	0	0.7423	0.0191	-0.075	0.0612	0.6	0.4	5
6.93	-3.465	6.002	0	0.7423	-0.0191	0.075	-0.0612	0.6	0.4	6
6.93	-6.93	0	0	0.7722	-0.0707	0.0049	0.0774	0.6	0.4	7
6.93	6.93	0	0	0.7722	0.0707	-0.0049	-0.0774	0.6	0.4	8
8.002	0	-8.002	-0.001	-0.0141	-0	-0.0099	0.0505	0.6	0.4	9
8.002	6.93	4.001	-0.001	-0.1508	-0.006	0.0167	0.0452	0.6	0.4	10
8.002	-6.93	4.001	-0.001	-0.1128	-0.005	-0.0274	0.0519	0.6	0.4	11
4.001	-0	4.001	-0.001	2.7736	0.0004	0.0017	-0.0604	0.6	0.5	0
4.001	-3.465	-2.001	-0.001	2.6625	0.0158	-0.0083	-0.0513	0.6	0.5	1
4.001	3.465	-2.001	-0.001	2.6784	0.0039	-0.011	-0.0206	0.6	0.5	2
6.93	-3.465	-6.002	0	0.765	-0.0417	-0.0812	-0.0768	0.6	0.5	3
6.93	3.465	6.002	0	0.765	0.0417	0.0812	0.0768	0.6	0.5	4
6.93	3.465	-6.002	0	0.7817	0.031	-0.0752	0.0628	0.6	0.5	5
6.93	-3.465	6.002	0	0.7817	-0.031	0.0752	-0.0628	0.6	0.5	6
6.93	-6.93	0	0	0.7981	-0.0742	0.0028	0.0745	0.6	0.5	7
6.93	6.93	0	0	0.7981	0.0742	-0.0028	-0.0745	0.6	0.5	8
8.002	0	-8.002	-0.001	-0.0777	0.0041	-0.0058	0.0304	0.6	0.5	9
8.002	6.93	4.001	-0.001	-0.1665	-0.0077	0.0126	0.0313	0.6	0.5	10
8.002	-6.93	4.001	-0.001	-0.135	-0.0062	-0.0183	0.0363	0.6	0.5	11
4.001	-0	4.001	0	2.6542	-0.0004	-0.0034	-0.0566	0.6	0.6	0
4.001	-3.465	-2.001	0	2.6542	-0.0027	-0.002	-0.0566	0.6	0.6	1
4.001	3.465	-2.001	0	2.6801	-0.0156	-0.0271	-0.0346	0.6	0.6	2
6.93	-3.465	-6.002	0	0.7894	-0.0413	-0.0754	-0.0719	0.6	0.6	3
6.93	3.465	6.002	0	0.7894	0.0413	0.0754	0.0719	0.6	0.6	4
6.93	3.465	-6.002	0	0.798	0.0391	-0.0747	0.0698	0.6	0.6	5
6.93	-3.465	6.002	0	0.798	-0.0391	0.0747	-0.0698	0.6	0.6	6
6.93	-6.93	0	0	0.8088	-0.0736	0.0003	0.0735	0.6	0.6	7
6.93	6.93	0	0	0.8088	0.0736	-0.0003	-0.0735	0.6	0.6	8
8.002	0	-8.002	0	-0.1386	0.0081	-0.0009	0.0219	0.6	0.6	9
8.002	6.93	4.001	0	-0.1386	-0.0048	0.0065	0.0219	0.6	0.6	10
8.002	-6.93	4.001	0	-0.1516	-0.006	-0.0103	0.0271	0.6	0.6	11
4.001	-0	4.001	-0.001	2.6069	-0.0225	-0.011	-0.0484	0.6	0.7	0
4.001	-3.465	-2.001	-0.001	2.7643	-0.0264	0.0159	-0.0639	0.6	0.7	1
4.001	3.465	-2.001	-0.001	2.7448	-0.0087	-0.0124	-0.0445	0.6	0.7	2
6.93	-3.465	-6.002	0	0.7878	-0.0406	-0.0687	-0.0695	0.6	0.7	3
6.93	3.465	6.002	0	0.7878	0.0406	0.0687	0.0695	0.6	0.7	4
6.93	3.465	-6.002	0	0.7829	0.0417	-0.0774	0.0733	0.6	0.7	5
6.93	-3.465	6.002	0	0.7829	-0.0417	0.0774	-0.0733	0.6	0.7	6
6.93	-6.93	0	0	0.7986	-0.0698	-0.0007	0.0689	0.6	0.7	7
6.93	6.93	0	0	0.7986	0.0698	0.0007	-0.0689	0.6	0.7	8
8.002	0	-8.002	-0.001	-0.157	0.0146	0.0024	0.029	0.6	0.7	9
8.002	6.93	4.001	-0.001	-0.0992	-0.0045	0.0039	0.0207	0.6	0.7	10
8.002	-6.93	4.001	-0.001	-0.1493	-0.0051	-0.007	0.029	0.6	0.7	11
4.001	-0	4.001	0	2.5165	-0.055	-0.0232	-0.0357	0.6	0.8	0
4.001	-3.465	-2.001	0	2.8789	-0.0525	0.0379	-0.0523	0.6	0.8	1
4.001	3.465	-2.001	0	2.7626	0.035	0.0533	-0.0325	0.6	0.8	2
6.93	-3.465	-6.002	0	0.7806	-0.0383	-0.0628	-0.0723	0.6	0.8	3
6.93	3.465	6.002	0	0.7806	0.0383	0.0628	0.0723	0.6	0.8	4
6.93	3.465	-6.002	0	0.7467	0.0369	-0.0842	0.0762	0.6	0.8	5
6.93	-3.465	6.002	0	0.7467	-0.0369	0.0842	-0.0762	0.6	0.8	6
6.93	-6.93	0	0	0.7742	-0.0701	0.0012	0.0632	0.6	0.8	7
6.93	6.93	0	0	0.7742	0.0701	-0.0012	-0.0632	0.6	0.8	8
8.002	0	-8.002	0	-0.1494	0.0173	0.0035	0.0506	0.6	0.8	9
8.002	6.93	4.001	0	-0.0715	-0.0098	0.005	0.0232	0.6	0.8	10
8.002	-6.93	4.001	0	-0.1256	-0.0052	-0.0092	0.037	0.6	0.8	11
4.001	-0	4.001	0.001	2.4481	-0.0655	-0.0273	-0.0167	0.6	0.9	0
4.001	-3.465	-2.001	0.001	2.8878	-0.0419	0.0125	-0.0425	0.6	0.9	1
4.001	3.465	-2.001	0.001	2.7633	0.0825	0.1362	-0.0259	0.6	0.9	2
6.93	-3.465	-6.002	0	0.7677	-0.0391	-0.0635	-0.0743	0.6	0.9	3
6.93	3.465	6.002	0	0.7677	0.0391	0.0635	0.0743	0.6	0.9	4
6.93	3.465	-6.002	0	0.7085	0.0242	-0.0874	0.0726	0.6	0.9	5
6.93	-3.465	6.002	0	0.7085	-0.0242	0.0874	-0.0726	0.6	0.9	6
6.93	-6.93	0	0	0.73	-0.0884	0.007	0.0643	0.6	0.9	7
6.93	6.93	0	0	0.73	0.0884	-0.007	-0.0643	0.6	0.9	8
8.002	0	-8.002	0.001	-0.1065	0.014	0.0015	0.0733	0.6	0.9	9
8.002	6.93	4.001	0.001	-0.0891	-0.0202	0.0196	0.0321	0.6	0.9	10
8.002	-6.93	4.001	0.001	-0.0928	-0.0095	-0.0217	0.0458	0.6	0.9	11
4.001	-0	4.001	0	2.4827	-0.0222	-0	-0.0079	0.6	1	0
4.001	-3.465	-2.001	0	2.7657	0.0151	-0.0799	-0.0399	0.6	1	1
4.001	3.465	-2.001	0	2.7657	0.0149	0.08	-0.0399	0.6	1	2
6.93	-3.465	-6.002	0	0.7652	-0.0493	-0.0654	-0.0622	0.6	1	3
6.93	3.465	6.002	0	0.7652	0.0493	0.0654	0.0622	0.6	1	4
6.93	3.465	-6.002	0	0.731	0.0271	-0.0761	0.0723	0.6	1	5
6.93	-3.465	6.002	0	0.731	-0.0271	0.0761	-0.0723	0.6	1	6
6.93	-6.93	0	0	0.7092	-0.1076	0.0093	0.0766	0.6	1	7
6.93	6.93	0	0	0.7092	0.1076	-0.0093	-0.0766	0.6	1	8
8.002	0	-8.002	0	-0.0994	0.0176	0	0.0659	0.6	1	9
8.002	6.93	4.001	0	-0.1074	-0.0132	0.0265	0.0421	0.6	1	10
8.002	-6.93	4.001	0	-0.1074	-0.0132	-0.0265	0.0421	0.6	1	11
4.001	-0	4.001	0	2.4182	-0.0999	0	-0.0143	0.7	0	0
4.001	-3.465	-2.001	0	2.9041	0.0339	-0.0629	-0.0333	0.7	0	1
4.001	3.465	-2.001	0	2.9041	0.0339	0.063	-0.0333	0.7	0	2
6.93	-3.465	-6.002	0	0.7484	-0.054	-0.0701	-0.0742	0.7	0	3
6.93	3.465	6.002	0	0.7484	0.054	0.0701	0.0742	0.7	0	4
6.93	3.465	-6.002	0	0.6723	0.0166	-0.0833	0.0459	0.7	0	5
6.93	-3.465	6.002	0	0.6723	-0.0166	0.0833	-0.0459	0.7	0	6
6.93	-6.93	0	0	0.6984	-0.0992	0.0031	0.0823	0.7	0	7
6.93	6.93	0	0	0.6984	0.0992	-0.0031	-0.0823	0.7	0	8
8.002	0	-8.002	0	-0.0266	-0.0076	0	0.106	0.7	0	9
8.002	6.93	4.001	0	-0.0889	-0.0197	0.0299	0.043	0.7	0	10
8.002	-6.93	4.001	0	-0.0889	-0.0197	-0.0299	0.043	0.7	0	11
4.001	-0	4.001	0	2.4482	-0.0654	0.0277	-0.0201	0.7	0.1	0
4.001	-3.465	-2.001	0	2.7572	0.0824	-0.1361	-0.0253	0.7	0.1	1
4.001	3.465	-2.001	0	2.8773	-0.0422	-0.0126	-0.0466	0.7	0.1	2
6.93	-3.465	-6.002	0	0.754	-0.0569	-0.0575	-0.0577	0.7	0.1	3
6.93	3.465	6.002	0	0.754	0.0569	0.0575	0.0577	0.7	0.1	4
6.93	3.465	-6.002	0	0.7248	0.0297	-0.0687	0.0623	0.7	0.1	5
6.93	-3.465	6.002	0	0.7248	-0.0297	0.0687	-0.0623	0.7	0.1	6
6.93	-6.93	0	0	0.6879	-0.1029	0.0046	0.0882	0.7	0.1	7
6.93	6.93	0	0	0.6879	0.1029	-0.0046	-0.0882	0.7	0.1	8
8.002	0	-8.002	0	-0.107	0.0141	-0.0015	0.0727	0.7	0.1	9
8.002	6.93	4.001	0	-0.093	-0.0097	0.0222	0.045	0.7	0.1	10
8.002	-6.93	4.001	0	-0.0893	-0.0203	-0.0196	0.0318	0.7	0.1	11
4.001	-0	4.001	-0	2.4928	-0.0685	0.0272	-0.0118	0.7	0.2	0
4.001	-3.465	-2.001	-0	2.7317	0.0801	-0.1507	0.0038	0.7	0.2	1
4.001	3.465	-2.001	-0	2.8835	-0.0448	-0.0253	-0.0404	0.7	0.2	2
6.93	-3.465	-6.002	0	0.7503	-0.056	-0.0505	-0.0572	0.7	0.2	3
6.93	3.465	6.002	0	0.7503	0.056	0.0505	0.0572	0.7	0.2	4
6.93	3.465	-6.002	0	0.7548	0.0353	-0.062	0.0773	0.7	0.2	5
6.93	-3.465	6.002	0	0.7548	-0.0353	0.062	-0.0773	0.7	0.2	6
6.93	-6.93	0	0	0.7025	-0.0922	0.0049	0.0851	0.7	0.2	7
6.93	6.93	0	0	0.7025	0.0922	-0.0049	-0.0851	0.7	0.2	8
8.002	0	-8.002	-0	-0.159	0.0243	0.0044	0.0584	0.7	0.2	9
8.002	6.93	4.001	-0	-0.0541	-0.0058	0.0158	0.0524	0.7	0.2	10
8.002	-6.93	4.001	-0	-0.0737	-0.0159	-0.0048	0.0353	0.7	0.2	11
4.001	-0	4.001	-0.002	2.7064	-0.0954	0.0144	0.0193	0.7	0.3	0
4.001	-3.465	-2.001	-0.002	2.825	0.0716	-0.1534	0.0518	0.7	0.3	1
4.001	3.465	-2.001	-0.002	2.9528	0.0147	0.0428	0.002	0.7	0.3	2
6.93	-3.465	-6.002	0	0.7273	-0.0486	-0.0502	-0.0685	0.7	0.3	3
6.93	3.465	6.002	0	0.7273	0.0486	0.0502	0.0685	0.7	0.3	4
6.93	3.465	-6.002	0	0.7255	0.0341	-0.0608	0.0841	0.7	0.3	5
6.93	-3.465	6.002	0	0.7255	-0.0341	0.0608	-0.0841	0.7	0.3	6
6.93	-6.93	0	0	0.6987	-0.076	0.0105	0.0783	0.7	0.3	7
6.93	6.93	0	0	0.6987	0.076	-0.0105	-0.0783	0.7	0.3	8
8.002	0	-8.002	-0.002	-0.1213	0.0218	0.0038	0.0636	0.7	0.3	9
8.002	6.93	4.001	-0.002	-0.0297	-0.0081	0.0117	0.0637	0.7	0.3	10
8.002	-6.93	4.001	-0.002	-0.0236	-0.0097	0.0039	0.0565	0.7	0.3	11
4.001	-0	4.001	-0.002	2.9527	-0.0443	-0.0087	0.002	0.7	0.4	0
4.001	-3.465	-2.001	-0.002	2.7064	0.0352	-0.0898	0.0193	0.7	0.4	1
4.001	3.465	-2.001	-0.002	2.8249	0.0972	0.1387	0.0518	0.7	0.4	2
6.93	-3.465	-6.002	0	0.7255	-0.0356	-0.06	-0.0841	0.7	0.4	3
6.93	3.465	6.002	0	0.7255	0.0356	0.06	0.0841	0.7	0.4	4
6.93	3.465	-6.002	0	0.6987	0.029	-0.0711	0.0784	0.7	0.4	5
6.93	-3.465	6.002	0	0.6987	-0.029	0.0711	-0.0784	0.7	0.4	6
6.93	-6.93	0	0	0.7273	-0.0678	0.017	0.0685	0.7	0.4	7
6.93	6.93	0	0	0.7273	0.0678	-0.017	-0.0685	0.7	0.4	8
8.002	0	-8.002	-0.002	-0.0236	0.0015	-0.0104	0.0565	0.7	0.4	9
8.002	6.93	4.001	-0.002	-0.1213	-0.0142	0.017	0.0636	0.7	0.4	10
8.002	-6.93	4.001	-0.002	-0.0297	-0.0061	-0.0129	0.0637	0.7	0.4	11
4.001	-0	4.001	-0.001	2.8262	0.0326	-0.0123	-0.0542	0.7	0.5	0
4.001	-3.465	-2.001	-0.001	2.5628	0.0163	-0.0376	-0.031	0.7	0.5	1
4.001	3.465	-2.001	-0.001	2.675	0.0393	0.0495	-0.0055	0.7	0.5	2
6.93	-3.465	-6.002	0	0.7637	-0.036	-0.0739	-0.0797	0.7	0.5	3
6.93	3.465	6.002	0	0.7637	0.036	0.0739	0.0797	0.7	0.5	4
6.93	3.465	-6.002	0	0.7532	0.0325	-0.076	0.0707	0.7	0.5	5
6.93	-3.465	6.002	0	0.7532	-0.0325	0.076	-0.0707	0.7	0.5	6
6.93	-6.93	0	0	0.7871	-0.0719	0.009	0.0684	0.7	0.5	7
6.93	6.93	0	0	0.7871	0.0719	-0.009	-0.0684	0.7	0.5	8
8.002	0	-8.002	-0.001	-0.0505	0.0005	-0.0088	0.0312	0.7	0.5	9
8.002	6.93	4.001	-0.001	-0.1832	-0.0097	0.0164	0.0408	0.7	0.5	10
8.002	-6.93	4.001	-0.001	-0.111	-0.0058	-0.0173	0.0408	0.7	0.5	11
4.001	-0	4.001	0.001	2.7422	0.0267	-0.0157	-0.0671	0.7	0.6	0
4.001	-3.465	-2.001	0.001	2.5884	0.0006	-0.0248	-0.0527	0.7	0.6	1
4.001	3.465	-2.001	0.001	2.7138	-0.0056	-0.0125	-0.0388	0.7	0.6	2
6.93	-3.465	-6.002	0	0.7789	-0.0382	-0.0776	-0.074	0.7	0.6	3
6.93	3.465	6.002	0	0.7789	0.0382	0.0776	0.074	0.7	0.6	4
6.93	3.465	-6.002	0	0.7853	0.0368	-0.0727	0.0685	0.7	0.6	5
6.93	-3.465	6.002	0	0.7853	-0.0368	0.0727	-0.0685	0.7	0.6	6
6.93	-6.93	0	0	0.8112	-0.071	0.0039	0.0682	0.7	0.6	7
6.93	6.93	0	0	0.8112	0.071	-0.0039	-0.0682	0.7	0.6	8
8.002	0	-8.002	0.001	-0.1012	0.0053	-0.002	0.0206	0.7	0.6	9
8.002	6.93	4.001	0.001	-0.158	-0.0052	0.0133	0.0289	0.7	0.6	10
8.002	-6.93	4.001	0.001	-0.1501	-0.0038	-0.0084	0.0276	0.7	0.6	11
4.001	-0	4.001	0	2.7074	-0.0035	-0.021	-0.0557	0.7	0.7	0
4.001	-3.465	-2.001	0	2.7075	-0.0164	-0.0135	-0.0557	0.7	0.7	1
4.001	3.465	-2.001	0	2.8002	-0.0191	-0.0332	-0.0677	0.7	0.7	2
6.93	-3.465	-6.002	0	0.7769	-0.0405	-0.0778	-0.0729	0.7	0.7	3
6.93	3.465	6.002	0	0.7769	0.0405	0.0778	0.0729	0.7	0.7	4
6.93	3.465	-6.002	0	0.7857	0.0399	-0.0724	0.0692	0.7	0.7	5
6.93	-3.465	6.002	0	0.7857	-0.0399	0.0724	-0.0692	0.7	0.7	6
6.93	-6.93	0	0	0.8122	-0.0675	0.0018	0.0656	0.7	0.7	7
6.93	6.93	0	0	0.8122	0.0675	-0.0018	-0.0656	0.7	0.7	8
8.002	0	-8.002	0	-0.1215	0.013	0.0034	0.0231	0.7	0.7	9
8.002	6.93	4.001	0	-0.1215	-0.0035	0.013	0.0231	0.7	0.7	10
8.002	-6.93	4.001	0	-0.1621	-0.0003	-0.0005	0.0256	0.7	0.7	11
4.001	-0	4.001	-0	2.5988	-0.0406	-0.0293	-0.033	0.7	0.8	0
4.001	-3.465	-2.001	-0	2.8058	-0.0357	0.0034	-0.0507	0.7	0.8	1
4.001	3.465	-2.001	-0	2.8402	0	-0.013	-0.0742	0.7	0.8	2
6.93	-3.465	-6.002	0	0.7725	-0.0421	-0.0763	-0.0773	0.7	0.8	3
6.93	3.465	6.002	0	0.7725	0.0421	0.0763	0.0773	0.7	0.8	4
6.93	3.465	-6.002	0	0.7667	0.0392	-0.0757	0.0697	0.7	0.8	5
6.93	-3.465	6.002	0	0.7667	-0.0392	0.0757	-0.0697	0.7	0.8	6
6.93	-6.93	0	0	0.8074	-0.0651	0.0005	0.063	0.7	0.8	7
6.93	6.93	0	0	0.8074	0.0651	-0.0005	-0.063	0.7	0.8	8
8.002	0	-8.002	-0	-0.1121	0.0192	0.0077	0.0412	0.7	0.8	9
8.002	6.93	4.001	-0	-0.0874	-0.0035	0.0135	0.0229	0.7	0.8	10
8.002	-6.93	4.001	-0	-0.1602	0.0038	0.0035	0.0296	0.7	0.8	11
4.001	-0	4.001	-0.001	2.4568	-0.0806	-0.032	-0.0212	0.7	0.9	0
4.001	-3.465	-2.001	-0.001	2.8867	-0.0418	0.0157	-0.0411	0.7	0.9	1
4.001	3.465	-2.001	-0.001	2.8187	0.055	0.0553	-0.0487	0.7	0.9	2
6.93	-3.465	-6.002	0	0.7623	-0.0449	-0.0747	-0.0849	0.7	0.9	3
6.93	3.465	6.002	0	0.7623	0.0449	0.0747	0.0849	0.7	0.9	4
6.93	3.465	-6.002	0	0.7219	0.0263	-0.0829	0.062	0.7	0.9	5
6.93	-3.465	6.002	0	0.7219	-0.0263	0.0829	-0.062	0.7	0.9	6
6.93	-6.93	0	0	0.7787	-0.0741	-0.0003	0.066	0.7	0.9	7
6.93	6.93	0	0	0.7787	0.0741	0.0003	-0.066	0.7	0.9	8
8.002	0	-8.002	-0.001	-0.0603	0.0112	0.0083	0.0785	0.7	0.9	9
8.002	6.93	4.001	-0.001	-0.0701	-0.0097	0.02	0.0283	0.7	0.9	10
8.002	-6.93	4.001	-0.001	-0.1369	-0.0002	-0.0066	0.0365	0.7	0.9	11
4.001	-0	4.001	0	2.4182	-0.0999	0	-0.0143	0.7	1	0
4.001	-3.465	-2.001	0	2.9041	0.0339	-0.0629	-0.0333	0.7	1	1
4.001	3.465	-2.001	0	2.9041	0.0339	0.063	-0.0333	0.7	1	2
6.93	-3.465	-6.002	0	0.7484	-0.054	-0.0701	-0.0742	0.7	1	3
6.93	3.465	6.002	0	0.7484	0.054	0.0701	0.0742	0.7	1	4
6.93	3.465	-6.002	0	0.6723	0.0166	-0.0833	0.0459	0.7	1	5
6.93	-3.465	6.002	0	0.6723	-0.0166	0.0833	-0.0459	0.7	1	6
6.93	-6.93	0	0	0.6984	-0.0992	0.0031	0.0823	0.7	1	7
6.93	6.93	0	0	0.6984	0.0992	-0.0031	-0.0823	0.7	1	8
8.002	0	-8.002	0	-0.0266	-0.0076	0	0.106	0.7	1	9
8.002	6.93	4.001	0	-0.0889	-0.0197	0.0299	0.043	0.7	1	10
8.002	-6.93	4.001	0	-0.0889	-0.0197	-0.0299	0.043	0.7	1	11
4.001	-0	4.001	0	2.3898	-0.088	-0.0001	-0.0042	0.8	0	0
4.001	-3.465	-2.001	0	2.7952	0.0219	-0.0263	-0.0371	0.8	0	1
4.001	3.465	-2.001	0	2.7952	0.0219	0.0261	-0.037	0.8	0	2
6.93	-3.465	-6.002	0	0.7614	-0.0541	-0.0792	-0.0847	0.8	0	3
6.93	3.465	6.002	0	0.7614	0.0541	0.0792	0.0847	0.8	0	4
6.93	3.465	-6.002	0	0.7004	0.027	-0.0798	0.0541	0.8	0	5
6.93	-3.465	6.002	0	0.7004	-0.027	0.0798	-0.0541	0.8	0	6
6.93	-6.93	0	0	0.7647	-0.0784	-0.0032	0.0762	0.8	0	7
6.93	6.93	0	0	0.7647	0.0784	0.0032	-0.0762	0.8	0	8
8.002	0	-8.002	0	-0.0066	0.0092	-0	0.0891	0.8	0	9
8.002	6.93	4.001	0	-0.1156	0.0007	0.0187	0.0316	0.8	0	10
8.002	-6.93	4.001	0	-0.1156	0.0007	-0.0187	0.0316	0.8	0	11
4.001	-0	4.001	-0	2.4573	-0.0785	0.0312	-0.0222	0.8	0.1	0
4.001	-3.465	-2.001	-0	2.8144	0.0535	-0.0543	-0.0477	0.8	0.1	1
4.001	3.465	-2.001	-0	2.8924	-0.0409	-0.0145	-0.0388	0.8	0.1	2
6.93	-3.465	-6.002	0	0.7749	-0.0521	-0.0611	-0.0655	0.8	0.1	3
6.93	3.465	6.002	0	0.7749	0.0521	0.0611	0.0655	0.8	0.1	4
6.93	3.465	-6.002	0	0.7063	0.0356	-0.0737	0.0554	0.8	0.1	5
6.93	-3.465	6.002	0	0.7063	-0.0356	0.0737	-0.0554	0.8	0.1	6
6.93	-6.93	0	0	0.726	-0.087	-0.0017	0.0783	0.8	0.1	7
6.93	6.93	0	0	0.726	0.087	0.0017	-0.0783	0.8	0.1	8
8.002	0	-8.002	-0	-0.0619	0.011	-0.0081	0.0776	0.8	0.1	9
8.002	6.93	4.001	-0	-0.1374	-0.0002	0.0065	0.0361	0.8	0.1	10
8.002	-6.93	4.001	-0	-0.0726	-0.0096	-0.0198	0.0276	0.8	0.1	11
4.001	-0	4.001	-0.001	2.5208	-0.0559	0.0234	-0.0371	0.8	0.2	0
4.001	-3.465	-2.001	-0.001	2.776	0.0357	-0.0539	-0.034	0.8	0.2	1
4.001	3.465	-2.001	-0.001	2.8846	-0.0534	-0.0391	-0.0543	0.8	0.2	2
6.93	-3.465	-6.002	0	0.7824	-0.0471	-0.0553	-0.0615	0.8	0.2	3
6.93	3.465	6.002	0	0.7824	0.0471	0.0553	0.0615	0.8	0.2	4
6.93	3.465	-6.002	0	0.7484	0.0432	-0.0673	0.0695	0.8	0.2	5
6.93	-3.465	6.002	0	0.7484	-0.0432	0.0673	-0.0695	0.8	0.2	6
6.93	-6.93	0	0	0.7386	-0.087	0.0037	0.0753	0.8	0.2	7
6.93	6.93	0	0	0.7386	0.087	-0.0037	-0.0753	0.8	0.2	8
8.002	0	-8.002	-0.001	-0.1489	0.0177	-0.0035	0.051	0.8	0.2	9
8.002	6.93	4.001	-0.001	-0.1249	-0.0054	0.0094	0.0371	0.8	0.2	10
8.002	-6.93	4.001	-0.001	-0.0695	-0.01	-0.0051	0.0232	0.8	0.2	11
4.001	-0	4.001	-0.001	2.5602	-0.0406	0.0049	-0.0317	0.8	0.3	0
4.001	-3.465	-2.001	-0.001	2.6771	0.0232	-0.0586	-0.0047	0.8	0.3	1
4.001	3.465	-2.001	-0.001	2.827	-0.0269	-0.0218	-0.054	0.8	0.3	2
6.93	-3.465	-6.002	0	0.7872	-0.0438	-0.0577	-0.0684	0.8	0.3	3
6.93	3.465	6.002	0	0.7872	0.0438	0.0577	0.0684	0.8	0.3	4
6.93	3.465	-6.002	0	0.7636	0.046	-0.0681	0.0797	0.8	0.3	5
6.93	-3.465	6.002	0	0.7636	-0.046	0.0681	-0.0797	0.8	0.3	6
6.93	-6.93	0	0	0.7531	-0.0821	0.0099	0.0707	0.8	0.3	7
6.93	6.93	0	0	0.7531	0.0821	-0.0099	-0.0707	0.8	0.3	8
8.002	0	-8.002	-0.001	-0.1831	0.019	0.0003	0.0409	0.8	0.3	9
8.002	6.93	4.001	-0.001	-0.1111	-0.0121	0.0137	0.0407	0.8	0.3	10
8.002	-6.93	4.001	-0.001	-0.0505	-0.0079	0.004	0.0312	0.8	0.3	11
4.001	-0	4.001	-0.001	2.6971	-0.0208	-0.0157	-0.0249	0.8	0.4	0
4.001	-3.465	-2.001	-0.001	2.6552	0.0171	-0.0758	0.0231	0.8	0.4	1
4.001	3.465	-2.001	-0.001	2.8429	0.0435	0.0657	-0.0207	0.8	0.4	2
6.93	-3.465	-6.002	0	0.7727	-0.0395	-0.059	-0.0775	0.8	0.4	3
6.93	3.465	6.002	0	0.7727	0.0395	0.059	0.0775	0.8	0.4	4
6.93	3.465	-6.002	0	0.728	0.045	-0.0744	0.0865	0.8	0.4	5
6.93	-3.465	6.002	0	0.728	-0.045	0.0744	-0.0865	0.8	0.4	6
6.93	-6.93	0	0	0.7428	-0.0748	0.0208	0.0611	0.8	0.4	7
6.93	6.93	0	0	0.7428	0.0748	-0.0208	-0.0611	0.8	0.4	8
8.002	0	-8.002	-0.001	-0.1505	0.0174	-0.0031	0.0446	0.8	0.4	9
8.002	6.93	4.001	-0.001	-0.1142	-0.021	0.0181	0.0508	0.8	0.4	10
8.002	-6.93	4.001	-0.001	-0.0166	-0.0084	0.0048	0.0497	0.8	0.4	11
4.001	-0	4.001	-0.001	2.8802	0.0441	-0.0264	-0.0365	0.8	0.5	0
4.001	-3.465	-2.001	-0.001	2.4909	0.0107	-0.0729	-0.0086	0.8	0.5	1
4.001	3.465	-2.001	-0.001	2.7206	0.0908	0.1449	0.0075	0.8	0.5	2
6.93	-3.465	-6.002	0	0.7551	-0.036	-0.0616	-0.0773	0.8	0.5	3
6.93	3.465	6.002	0	0.7551	0.036	0.0616	0.0773	0.8	0.5	4
6.93	3.465	-6.002	0	0.7029	0.0419	-0.0822	0.0852	0.8	0.5	5
6.93	-3.465	6.002	0	0.7029	-0.0419	0.0822	-0.0852	0.8	0.5	6
6.93	-6.93	0	0	0.7509	-0.0717	0.0233	0.0573	0.8	0.5	7
6.93	6.93	0	0	0.7509	0.0717	-0.0233	-0.0573	0.8	0.5	8
8.002	0	-8.002	-0.001	-0.0739	0.0117	-0.0114	0.036	0.8	0.5	9
8.002	6.93	4.001	-0.001	-0.1593	-0.0157	0.0184	0.0593	0.8	0.5	10
8.002	-6.93	4.001	-0.001	-0.054	-0.0105	-0.0125	0.0532	0.8	0.5	11
4.001	-0	4.001	-0.001	2.8867	0.0606	-0.0267	-0.0542	0.8	0.6	0
4.001	-3.465	-2.001	-0.001	2.5208	0.0077	-0.0599	-0.0373	0.8	0.6	1
4.001	3.465	-2.001	-0.001	2.7765	0.0288	0.0578	-0.0333	0.8	0.6	2
6.93	-3.465	-6.002	0	0.7483	-0.0367	-0.071	-0.0695	0.8	0.6	3
6.93	3.465	6.002	0	0.7483	0.0367	0.071	0.0695	0.8	0.6	4
6.93	3.465	-6.002	0	0.7385	0.0403	-0.0771	0.0753	0.8	0.6	5
6.93	-3.465	6.002	0	0.7385	-0.0403	0.0771	-0.0753	0.8	0.6	6
6.93	-6.93	0	0	0.7824	-0.0714	0.0131	0.0615	0.8	0.6	7
6.93	6.93	0	0	0.7824	0.0714	-0.0131	-0.0615	0.8	0.6	8
8.002	0	-8.002	-0.001	-0.0696	0.0094	-0.0061	0.0232	0.8	0.6	9
8.002	6.93	4.001	-0.001	-0.1488	-0.0058	0.0169	0.051	0.8	0.6	10
8.002	-6.93	4.001	-0.001	-0.1248	-0.0055	-0.0095	0.0371	0.8	0.6	11
4.001	-0	4.001	-0	2.808	0.0209	-0.0292	-0.0507	0.8	0.7	0
4.001	-3.465	-2.001	-0	2.5959	-0.005	-0.0498	-0.0328	0.8	0.7	1
4.001	3.465	-2.001	-0	2.8372	-0.0113	-0.0065	-0.0742	0.8	0.7	2
6.93	-3.465	-6.002	0	0.7493	-0.0394	-0.0785	-0.0696	0.8	0.7	3
6.93	3.465	6.002	0	0.7493	0.0394	0.0785	0.0696	0.8	0.7	4
6.93	3.465	-6.002	0	0.7659	0.0403	-0.0694	0.0688	0.8	0.7	5
6.93	-3.465	6.002	0	0.7659	-0.0403	0.0694	-0.0688	0.8	0.7	6
6.93	-6.93	0	0	0.8029	-0.0677	0.0074	0.0629	0.8	0.7	7
6.93	6.93	0	0	0.8029	0.0677	-0.0074	-0.0629	0.8	0.7	8
8.002	0	-8.002	-0	-0.0873	0.0135	0.0037	0.0229	0.8	0.7	9
8.002	6.93	4.001	-0	-0.1118	-0.003	0.0205	0.0414	0.8	0.7	10
8.002	-6.93	4.001	-0	-0.1601	0.0011	0.0051	0.0297	0.8	0.7	11
4.001	-0	4.001	0	2.6593	-0.0239	-0.0347	-0.0301	0.8	0.8	0
4.001	-3.465	-2.001	0	2.6593	-0.0181	-0.0381	-0.0301	0.8	0.8	1
4.001	3.465	-2.001	0	2.8401	-0.0113	-0.0196	-0.0785	0.8	0.8	2
6.93	-3.465	-6.002	0	0.7524	-0.0431	-0.0827	-0.0773	0.8	0.8	3
6.93	3.465	6.002	0	0.7524	0.0431	0.0827	0.0773	0.8	0.8	4
6.93	3.465	-6.002	0	0.7692	0.0396	-0.0673	0.0679	0.8	0.8	5
6.93	-3.465	6.002	0	0.7692	-0.0396	0.0673	-0.0679	0.8	0.8	6
6.93	-6.93	0	0	0.8165	-0.0649	0.0043	0.0642	0.8	0.8	7
6.93	6.93	0	0	0.8165	0.0649	-0.0043	-0.0642	0.8	0.8	8
8.002	0	-8.002	0	-0.088	0.0215	0.0107	0.0343	0.8	0.8	9
8.002	6.93	4.001	0	-0.088	-0.0015	0.0239	0.0343	0.8	0.8	10
8.002	-6.93	4.001	0	-0.1749	0.007	0.0121	0.0266	0.8	0.8	11
4.001	-0	4.001	-0.001	2.4836	-0.0571	-0.0292	-0.0089	0.8	0.9	0
4.001	-3.465	-2.001	-0.001	2.68	-0.0167	-0.0235	-0.0245	0.8	0.9	1
4.001	3.465	-2.001	-0.001	2.7568	0.0171	0.0091	-0.0628	0.8	0.9	2
6.93	-3.465	-6.002	0	0.7582	-0.0476	-0.0841	-0.0881	0.8	0.9	3
6.93	3.465	6.002	0	0.7582	0.0476	0.0841	0.0881	0.8	0.9	4
6.93	3.465	-6.002	0	0.7502	0.0349	-0.0721	0.0667	0.8	0.9	5
6.93	-3.465	6.002	0	0.7502	-0.0349	0.0721	-0.0667	0.8	0.9	6
6.93	-6.93	0	0	0.8134	-0.0677	0.0012	0.0696	0.8	0.9	7
6.93	6.93	0	0	0.8134	0.0677	-0.0012	-0.0696	0.8	0.9	8
8.002	0	-8.002	-0.001	-0.0577	0.0229	0.0109	0.0576	0.8	0.9	9
8.002	6.93	4.001	-0.001	-0.0917	-0.0006	0.0258	0.0288	0.8	0.9	10
8.002	-6.93	4.001	-0.001	-0.1661	0.0091	0.0049	0.027	0.8	0.9	11
4.001	-0	4.001	0	2.3898	-0.088	-0.0001	-0.0042	0.8	1	0
4.001	-3.465	-2.001	0	2.7952	0.0219	-0.0263	-0.0371	0.8	1	1
4.001	3.465	-2.001	0	2.7952	0.0219	0.0261	-0.037	0.8	1	2
6.93	-3.465	-6.002	0	0.7614	-0.0541	-0.0792	-0.0847	0.8	1	3
6.93	3.465	6.002	0	0.7614	0.0541	0.0792	0.0847	0.8	1	4
6.93	3.465	-6.002	0	0.7004	0.027	-0.0798	0.0541	0.8	1	5
6.93	-3.465	6.002	0	0.7004	-0.027	0.0798	-0.0541	0.8	1	6
6.93	-6.93	0	0	0.7647	-0.0784	-0.0032	0.0762	0.8	1	7
6.93	6.93	0	0	0.7647	0.0784	0.0032	-0.0762	0.8	1	8
8.002	0	-8.002	0	-0.0066	0.0092	-0	0.0891	0.8	1	9
8.002	6.93	4.001	0	-0.1156	0.0007	0.0187	0.0316	0.8	1	10
8.002	-6.93	4.001	0	-0.1156	0.0007	-0.0187	0.0316	0.8	1	11
4.001	-0	4.001	0	2.4556	-0.0741	0	0.0275	0.9	0	0
4.001	-3.465	-2.001	0	2.7144	0.019	-0.0309	-0.0186	0.9	0	1
4.001	3.465	-2.001	0	2.7144	0.019	0.0309	-0.0186	0.9	0	2
6.93	-3.465	-6.002	0	0.7524	-0.0506	-0.0823	-0.0867	0.9	0	3
6.93	3.465	6.002	0	0.7524	0.0506	0.0823	0.0867	0.9	0	4
6.93	3.465	-6.002	0	0.714	0.0389	-0.0761	0.0695	0.9	0	5
6.93	-3.465	6.002	0	0.714	-0.0389	0.0761	-0.0695	0.9	0	6
6.93	-6.93	0	0	0.7734	-0.0738	-0.0025	0.0758	0.9	0	7
6.93	6.93	0	0	0.7734	0.0738	0.0025	-0.0758	0.9	0	8
8.002	0	-8.002	0	-0.0105	0.0347	0	0.0727	0.9	0	9
8.002	6.93	4.001	0	-0.1181	0.0052	0.0216	0.0375	0.9	0	10
8.002	-6.93	4.001	0	-0.1181	0.0052	-0.0216	0.0375	0.9	0	11
4.001	-0	4.001	0	2.5209	-0.0588	0.0295	-0.0042	0.9	0.1	0
4.001	-3.465	-2.001	0	2.7796	0.0174	-0.008	-0.0682	0.9	0.1	1
4.001	3.465	-2.001	0	2.7265	-0.0166	0.0236	-0.0194	0.9	0.1	2
6.93	-3.465	-6.002	0	0.7956	-0.0461	-0.0629	-0.0712	0.9	0.1	3
6.93	3.465	6.002	0	0.7956	0.0461	0.0629	0.0712	0.9	0.1	4
6.93	3.465	-6.002	0	0.7228	0.0441	-0.0785	0.0675	0.9	0.1	5
6.93	-3.465	6.002	0	0.7228	-0.0441	0.0785	-0.0675	0.9	0.1	6
6.93	-6.93	0	0	0.7631	-0.0762	-0.0037	0.0726	0.9	0.1	7
6.93	6.93	0	0	0.7631	0.0762	0.0037	-0.0726	0.9	0.1	8
8.002	0	-8.002	0	-0.0531	0.0234	-0.0113	0.0594	0.9	0.1	9
8.002	6.93	4.001	0	-0.164	0.01	-0.006	0.0289	0.9	0.1	10
8.002	-6.93	4.001	0	-0.0874	-0.0006	-0.0267	0.0298	0.9	0.1	11
4.001	-0	4.001	-0	2.5961	-0.0408	0.0297	-0.0344	0.9	0.2	0
4.001	-3.465	-2.001	-0	2.8352	0.0002	0.0127	-0.0723	0.9	0.2	1
4.001	3.465	-2.001	-0	2.8031	-0.0361	-0.0037	-0.0525	0.9	0.2	2
6.93	-3.465	-6.002	0	0.8034	-0.0403	-0.0549	-0.0628	0.9	0.2	3
6.93	3.465	6.002	0	0.8034	0.0403	0.0549	0.0628	0.9	0.2	4
6.93	3.465	-6.002	0	0.7495	0.0483	-0.0734	0.0697	0.9	0.2	5
6.93	-3.465	6.002	0	0.7495	-0.0483	0.0734	-0.0697	0.9	0.2	6
6.93	-6.93	0	0	0.7658	-0.0802	-0.0001	0.0688	0.9	0.2	7
6.93	6.93	0	0	0.7658	0.0802	0.0001	-0.0688	0.9	0.2	8
8.002	0	-8.002	-0	-0.1119	0.0192	-0.0077	0.0413	0.9	0.2	9
8.002	6.93	4.001	-0	-0.1601	0.0037	-0.0032	0.0294	0.9	0.2	10
8.002	-6.93	4.001	-0	-0.0872	-0.0035	-0.0135	0.0231	0.9	0.2	11
4.001	-0	4.001	-0.001	2.5661	-0.0212	0.0099	-0.0486	0.9	0.3	0
4.001	-3.465	-2.001	-0.001	2.7021	-0.0085	0.0108	-0.0453	0.9	0.3	1
4.001	3.465	-2.001	-0.001	2.7499	-0.0243	-0.0136	-0.0549	0.9	0.3	2
6.93	-3.465	-6.002	0	0.8113	-0.0389	-0.0597	-0.069	0.9	0.3	3
6.93	3.465	6.002	0	0.8113	0.0389	0.0597	0.069	0.9	0.3	4
6.93	3.465	-6.002	0	0.7798	0.0476	-0.072	0.0743	0.9	0.3	5
6.93	-3.465	6.002	0	0.7798	-0.0476	0.072	-0.0743	0.9	0.3	6
6.93	-6.93	0	0	0.7886	-0.0818	0.0043	0.0687	0.9	0.3	7
6.93	6.93	0	0	0.7886	0.0818	-0.0043	-0.0687	0.9	0.3	8
8.002	0	-8.002	-0.001	-0.158	0.0137	-0.0024	0.0284	0.9	0.3	9
8.002	6.93	4.001	-0.001	-0.1513	-0.0048	0.0062	0.0284	0.9	0.3	10
8.002	-6.93	4.001	-0.001	-0.1047	-0.0044	-0.0043	0.0192	0.9	0.3	11
4.001	-0	4.001	-0.001	2.6381	-0.015	-0.0091	-0.0485	0.9	0.4	0
4.001	-3.465	-2.001	-0.001	2.6733	-0.0108	0.0019	-0.02	0.9	0.4	1
4.001	3.465	-2.001	-0.001	2.7589	0.0018	-0.0011	-0.0615	0.9	0.4	2
6.93	-3.465	-6.002	0	0.7994	-0.0394	-0.063	-0.0748	0.9	0.4	3
6.93	3.465	6.002	0	0.7994	0.0394	0.063	0.0748	0.9	0.4	4
6.93	3.465	-6.002	0	0.7675	0.0493	-0.0767	0.0772	0.9	0.4	5
6.93	-3.465	6.002	0	0.7675	-0.0493	0.0767	-0.0772	0.9	0.4	6
6.93	-6.93	0	0	0.7833	-0.0806	0.0106	0.0631	0.9	0.4	7
6.93	6.93	0	0	0.7833	0.0806	-0.0106	-0.0631	0.9	0.4	8
8.002	0	-8.002	-0.001	-0.1666	0.0148	0.0004	0.0306	0.9	0.4	9
8.002	6.93	4.001	-0.001	-0.1366	-0.0124	0.0143	0.0358	0.9	0.4	10
8.002	-6.93	4.001	-0.001	-0.08	-0.0067	-0.0005	0.0302	0.9	0.4	11
4.001	-0	4.001	0	2.6728	-0.0055	-0.0266	-0.0308	0.9	0.5	0
4.001	-3.465	-2.001	0	2.5072	-0.0044	-0.0238	-0.0075	0.9	0.5	1
4.001	3.465	-2.001	0	2.6864	0.0571	0.0669	-0.0315	0.9	0.5	2
6.93	-3.465	-6.002	0	0.7804	-0.0419	-0.063	-0.0785	0.9	0.5	3
6.93	3.465	6.002	0	0.7804	0.0419	0.063	0.0785	0.9	0.5	4
6.93	3.465	-6.002	0	0.738	0.0489	-0.0873	0.0841	0.9	0.5	5
6.93	-3.465	6.002	0	0.738	-0.0489	0.0873	-0.0841	0.9	0.5	6
6.93	-6.93	0	0	0.7757	-0.0794	0.0164	0.0591	0.9	0.5	7
6.93	6.93	0	0	0.7757	0.0794	-0.0164	-0.0591	0.9	0.5	8
8.002	0	-8.002	0	-0.1503	0.0187	-0.002	0.0319	0.9	0.5	9
8.002	6.93	4.001	0	-0.1347	-0.0142	0.0155	0.0473	0.9	0.5	10
8.002	-6.93	4.001	0	-0.0782	-0.0113	-0.0062	0.0408	0.9	0.5	11
4.001	-0	4.001	0	2.8847	0.0318	-0.0306	-0.0432	0.9	0.6	0
4.001	-3.465	-2.001	0	2.4481	0.0086	-0.0704	-0.0204	0.9	0.6	1
4.001	3.465	-2.001	0	2.7585	0.077	0.1392	-0.0226	0.9	0.6	2
6.93	-3.465	-6.002	0	0.7242	-0.0446	-0.0601	-0.0623	0.9	0.6	3
6.93	3.465	6.002	0	0.7242	0.0446	0.0601	0.0623	0.9	0.6	4
6.93	3.465	-6.002	0	0.6875	0.0475	-0.0914	0.0881	0.9	0.6	5
6.93	-3.465	6.002	0	0.6875	-0.0475	0.0914	-0.0881	0.9	0.6	6
6.93	-6.93	0	0	0.754	-0.0783	0.0205	0.0577	0.9	0.6	7
6.93	6.93	0	0	0.754	0.0783	-0.0205	-0.0577	0.9	0.6	8
8.002	0	-8.002	0	-0.0893	0.027	-0.0078	0.032	0.9	0.6	9
8.002	6.93	4.001	0	-0.1069	-0.0055	0.0126	0.0735	0.9	0.6	10
8.002	-6.93	4.001	0	-0.0927	-0.0143	-0.0195	0.0454	0.9	0.6	11
4.001	-0	4.001	-0	2.8922	0.0333	-0.0285	-0.0372	0.9	0.7	0
4.001	-3.465	-2.001	-0	2.4562	0.0123	-0.0841	-0.0202	0.9	0.7	1
4.001	3.465	-2.001	-0	2.8126	0.0205	0.0734	-0.0453	0.9	0.7	2
6.93	-3.465	-6.002	0	0.7063	-0.0461	-0.0677	-0.0554	0.9	0.7	3
6.93	3.465	6.002	0	0.7063	0.0461	0.0677	0.0554	0.9	0.7	4
6.93	3.465	-6.002	0	0.726	0.045	-0.0745	0.0783	0.9	0.7	5
6.93	-3.465	6.002	0	0.726	-0.045	0.0745	-0.0783	0.9	0.7	6
6.93	-6.93	0	0	0.7751	-0.079	0.0145	0.0655	0.9	0.7	7
6.93	6.93	0	0	0.7751	0.079	-0.0145	-0.0655	0.9	0.7	8
8.002	0	-8.002	-0	-0.0726	0.0217	0.0016	0.0281	0.9	0.7	9
8.002	6.93	4.001	-0	-0.0619	0.0016	0.0134	0.0781	0.9	0.7	10
8.002	-6.93	4.001	-0	-0.1374	-0.0054	-0.0032	0.0365	0.9	0.7	11
4.001	-0	4.001	0	2.6776	-0.0119	-0.0269	-0.0264	0.9	0.8	0
4.001	-3.465	-2.001	0	2.482	0.0029	-0.0638	-0.017	0.9	0.8	1
4.001	3.465	-2.001	0	2.7609	0.0004	0.0194	-0.0583	0.9	0.8	2
6.93	-3.465	-6.002	0	0.7288	-0.0458	-0.077	-0.0691	0.9	0.8	3
6.93	3.465	6.002	0	0.7288	0.0458	0.077	0.0691	0.9	0.8	4
6.93	3.465	-6.002	0	0.7672	0.0408	-0.0645	0.073	0.9	0.8	5
6.93	-3.465	6.002	0	0.7672	-0.0408	0.0645	-0.073	0.9	0.8	6
6.93	-6.93	0	0	0.8013	-0.0782	0.008	0.0719	0.9	0.8	7
6.93	6.93	0	0	0.8013	0.0782	-0.008	-0.0719	0.9	0.8	8
8.002	0	-8.002	0	-0.0925	0.0228	0.0123	0.028	0.9	0.8	9
8.002	6.93	4.001	0	-0.0588	-0.002	0.0248	0.0573	0.9	0.8	10
8.002	-6.93	4.001	0	-0.1663	-0.0007	0.0091	0.0256	0.9	0.8	11
4.001	-0	4.001	0	2.6466	-0.0528	-0.0274	0.0157	0.9	0.9	0
4.001	-3.465	-2.001	0	2.6467	0.0027	-0.0594	0.0157	0.9	0.9	1
4.001	3.465	-2.001	0	2.799	0.008	0.0139	-0.0604	0.9	0.9	2
6.93	-3.465	-6.002	0	0.7146	-0.0467	-0.0859	-0.0816	0.9	0.9	3
6.93	3.465	6.002	0	0.7146	0.0467	0.0859	0.0816	0.9	0.9	4
6.93	3.465	-6.002	0	0.7378	0.0397	-0.0638	0.0699	0.9	0.9	5
6.93	-3.465	6.002	0	0.7378	-0.0397	0.0638	-0.0699	0.9	0.9	6
6.93	-6.93	0	0	0.7902	-0.0746	0.0045	0.0732	0.9	0.9	7
6.93	6.93	0	0	0.7902	0.0746	-0.0045	-0.0732	0.9	0.9	8
8.002	0	-8.002	0	-0.0448	0.0366	0.0181	0.054	0.9	0.9	9
8.002	6.93	4.001	0	-0.0448	-0.0027	0.0407	0.054	0.9	0.9	10
8.002	-6.93	4.001	0	-0.1595	0.0057	0.0099	0.0357	0.9	0.9	11
4.001	-0	4.001	0	2.4556	-0.0741	0	0.0275	0.9	1	0
4.001	-3.465	-2.001	0	2.7144	0.019	-0.0309	-0.0186	0.9	1	1
4.001	3.465	-2.001	0	2.7144	0.019	0.0309	-0.0186	0.9	1	2
6.93	-3.465	-6.002	0	0.7524	-0.0506	-0.0823	-0.0867	0.9	1	3
6.93	3.465	6.002	0	0.7524	0.0506	0.0823	0.0867	0.9	1	4
6.93	3.465	-6.002	0	0.714	0.0389	-0.0761	0.0695	0.9	1	5
6.93	-3.465	6.002	0	0.714	-0.0389	0.0761	-0.0695	0.9	1	6
6.93	-6.93	0	0	0.7734	-0.0738	-0.0025	0.0758	0.9	1	7
6.93	6.93	0	0	0.7734	0.0738	0.0025	-0.0758	0.9	1	8
8.002	0	-8.002	0	-0.0105	0.0347	0	0.0727	0.9	1	9
8.002	6.93	4.001	0	-0.1181	0.0052	0.0216	0.0375	0.9	1	10
8.002	-6.93	4.001	0	-0.1181	0.0052	-0.0216	0.0375	0.9	1	11
