4.001	0	-4.001	0	2.6773	-0.0638	-0.0002	0.0252	0	0	0
4.001	3.465	2.001	0	2.6773	0.0316	-0.0552	0.0252	0	0	1
4.001	-3.465	2.001	0	2.6772	0.0316	0.055	0.0251	0	0	2
6.93	-3.465	-6.002	0	0.7184	0.0423	0.0761	0.0808	0	0	3
6.93	3.465	6.002	0	0.7184	-0.0423	-0.0761	-0.0808	0	0	4
6.93	3.465	-6.002	0	0.7184	-0.0447	0.0747	-0.0808	0	0	5
6.93	-3.465	6.002	0	0.7184	0.0447	-0.0747	0.0808	0	0	6
6.93	-6.93	0	0	0.7184	0.0871	0.0014	-0.0808	0	0	7
6.93	6.93	0	0	0.7184	-0.0871	-0.0014	0.0808	0	0	8
8.002	-0	8.002	0	-0.054	0.0399	-0	0.0608	0	0	9
8.002	-6.93	-4.001	0	-0.054	-0.02	0.0345	0.0608	0	0	10
8.002	6.93	-4.001	0	-0.0541	-0.02	-0.0346	0.0608	0	0	11
4.001	0	-4.001	0	2.6312	-0.0521	0.0269	0.0101	0	0.1	0
4.001	3.465	2.001	0	2.8208	0.0081	-0.0141	-0.06	0	0.1	1
4.001	-3.465	2.001	0	2.6312	0.0027	0.0585	0.0101	0	0.1	2
6.93	-3.465	-6.002	0	0.7906	0.0412	0.0627	0.0733	0	0.1	3
6.93	3.465	6.002	0	0.7906	-0.0412	-0.0627	-0.0733	0	0.1	4
6.93	3.465	-6.002	0	0.7163	-0.0507	0.0832	-0.0821	0	0.1	5
6.93	-3.465	6.002	0	0.7163	0.0507	-0.0832	0.0821	0	0.1	6
6.93	-6.93	0	0	0.7389	0.0753	0.0021	-0.0698	0	0.1	7
6.93	6.93	0	0	0.7389	-0.0753	-0.0021	0.0698	0	0.1	8
8.002	-0	8.002	0	-0.0471	0.0365	-0.0179	0.0524	0	0.1	9
8.002	-6.93	-4.001	0	-0.1609	0.0051	-0.0088	0.0339	0	0.1	10
8.002	6.93	-4.001	0	-0.0471	-0.0028	-0.0405	0.0524	0	0.1	11
4.001	0	-4.001	0	2.6681	-0.0238	0.0343	-0.0284	0	0.2	0
4.001	3.465	2.001	0	2.8418	-0.0114	0.0198	-0.0803	0	0.2	1
4.001	-3.465	2.001	0	2.6681	-0.0177	0.0379	-0.0284	0	0.2	2
6.93	3.465	6.002	0	0.8157	-0.0362	-0.0541	-0.0642	0	0.2	3
6.93	-3.465	-6.002	0	0.8157	0.0362	0.0541	0.0642	0	0.2	4
6.93	-3.465	6.002	0	0.7518	0.0501	-0.0787	0.0771	0	0.2	5
6.93	3.465	-6.002	0	0.7518	-0.0501	0.0787	-0.0771	0	0.2	6
6.93	-6.93	0	0	0.769	0.0781	0.0007	-0.0679	0	0.2	7
6.93	6.93	0	0	0.769	-0.0781	-0.0007	0.0679	0	0.2	8
8.002	-0	8.002	0	-0.0878	0.0215	-0.0107	0.0343	0	0.2	9
8.002	-6.93	-4.001	0	-0.1745	0.0072	-0.0124	0.027	0	0.2	10
8.002	6.93	-4.001	0	-0.0878	-0.0015	-0.024	0.0343	0	0.2	11
4.001	0	-4.001	0	2.6169	-0.0038	0.0195	-0.0459	0	0.3	0
4.001	3.465	2.001	0	2.7129	-0.015	0.0259	-0.0528	0	0.3	1
4.001	-3.465	2.001	0	2.6169	-0.015	0.0131	-0.0459	0	0.3	2
6.93	-3.465	-6.002	0	0.8205	0.0359	0.0591	0.0682	0	0.3	3
6.93	3.465	6.002	0	0.8205	-0.0359	-0.0591	-0.0682	0	0.3	4
6.93	3.465	-6.002	0	0.7888	-0.0462	0.0736	-0.0748	0	0.3	5
6.93	-3.465	6.002	0	0.7888	0.0462	-0.0736	0.0748	0	0.3	6
6.93	-6.93	0	0	0.7957	0.0827	-0.0015	-0.0714	0	0.3	7
6.93	6.93	0	0	0.7957	-0.0827	0.0015	0.0714	0	0.3	8
8.002	-0	8.002	0	-0.1304	0.0109	-0.0028	0.0224	0	0.3	9
8.002	-6.93	-4.001	0	-0.1665	-0	0.0001	0.0241	0	0.3	10
8.002	6.93	-4.001	0	-0.1304	-0.003	-0.0109	0.0224	0	0.3	11
4.001	0	-4.001	0	2.623	-0.0004	0.0038	-0.059	0	0.4	0
4.001	3.465	2.001	0	2.6595	-0.0148	0.0255	-0.0323	0	0.4	1
4.001	-3.465	2.001	0	2.623	-0.0033	0.0023	-0.0589	0	0.4	2
6.93	-3.465	-6.002	0	0.8118	0.0371	0.0637	0.0739	0	0.4	3
6.93	3.465	6.002	0	0.8118	-0.0371	-0.0637	-0.0739	0	0.4	4
6.93	3.465	-6.002	0	0.7925	-0.0445	0.0734	-0.0725	0	0.4	5
6.93	-3.465	6.002	0	0.7925	0.0445	-0.0734	0.0725	0	0.4	6
6.93	-6.93	0	0	0.8005	0.0841	-0.0036	-0.0703	0	0.4	7
6.93	6.93	0	0	0.8005	-0.0841	0.0036	0.0703	0	0.4	8
8.002	-0	8.002	0	-0.1401	0.0079	0.001	0.0213	0	0.4	9
8.002	-6.93	-4.001	0	-0.1533	-0.0061	0.0106	0.0259	0	0.4	10
8.002	6.93	-4.001	0	-0.1402	-0.0048	-0.0063	0.0213	0	0.4	11
4.001	0	-4.001	0	2.6718	-0.0199	-0.0166	-0.0606	0	0.5	0
4.001	3.465	2.001	0	2.6087	-0.01	0.0171	-0.0273	0	0.5	1
4.001	-3.465	2.001	0	2.6718	0.0244	0.0089	-0.0606	0	0.5	2
6.93	3.465	6.002	0	0.7827	-0.0416	-0.0659	-0.079	0	0.5	3
6.93	-3.465	-6.002	0	0.7827	0.0416	0.0659	0.079	0	0.5	4
6.93	3.465	-6.002	0	0.7637	-0.0446	0.0818	-0.0706	0	0.5	5
6.93	-3.465	6.002	0	0.7637	0.0446	-0.0818	0.0706	0	0.5	6
6.93	-6.93	0	0	0.7902	0.0836	-0.0066	-0.0645	0	0.5	7
6.93	6.93	0	0	0.7902	-0.0836	0.0066	0.0645	0	0.5	8
8.002	-0	8.002	0	-0.1261	0.0133	0.0034	0.0298	0	0.5	9
8.002	-6.93	-4.001	0	-0.1338	-0.0108	0.0186	0.0375	0	0.5	10
8.002	6.93	-4.001	0	-0.1261	-0.0096	-0.0098	0.0298	0	0.5	11
4.001	0	-4.001	0	2.7241	-0.0727	-0.0269	-0.0348	0	0.6	0
4.001	3.465	2.001	0	2.4561	0.0105	-0.0181	-0.0144	0	0.6	1
4.001	-3.465	2.001	0	2.7241	0.0596	0.0496	-0.0348	0	0.6	2
6.93	-3.465	-6.002	0	0.7365	0.0521	0.0619	0.073	0	0.6	3
6.93	3.465	6.002	0	0.7365	-0.0521	-0.0619	-0.073	0	0.6	4
6.93	3.465	-6.002	0	0.7167	-0.0459	0.0966	-0.0769	0	0.6	5
6.93	-3.465	6.002	0	0.7167	0.0459	-0.0966	0.0769	0	0.6	6
6.93	-6.93	0	0	0.7717	0.0814	-0.0096	-0.0631	0	0.6	7
6.93	6.93	0	0	0.7717	-0.0814	0.0096	0.0631	0	0.6	8
8.002	-0	8.002	0	-0.1111	0.0283	0.0018	0.0402	0	0.6	9
8.002	-6.93	-4.001	0	-0.1045	-0.008	0.0139	0.0642	0	0.6	10
8.002	6.93	-4.001	0	-0.1111	-0.0157	-0.0236	0.0402	0	0.6	11
4.001	0	-4.001	0	2.8996	-0.0715	-0.0022	-0.0332	0	0.7	0
4.001	3.465	2.001	0	2.4126	0.0502	-0.0869	-0.0136	0	0.7	1
4.001	-3.465	2.001	0	2.8997	0.0377	0.0607	-0.0332	0	0.7	2
6.93	-3.465	-6.002	0	0.6728	0.0639	0.056	0.0459	0	0.7	3
6.93	3.465	6.002	0	0.6728	-0.0639	-0.056	-0.0459	0	0.7	4
6.93	3.465	-6.002	0	0.6989	-0.0469	0.0876	-0.0823	0	0.7	5
6.93	-3.465	6.002	0	0.6989	0.0469	-0.0876	0.0823	0	0.7	6
6.93	-6.93	0	0	0.7488	0.0878	-0.0117	-0.0743	0	0.7	7
6.93	6.93	0	0	0.7488	-0.0878	0.0117	0.0743	0	0.7	8
8.002	-0	8.002	0	-0.089	0.0358	-0.0021	0.0431	0	0.7	9
8.002	-6.93	-4.001	0	-0.0266	0.0038	-0.0066	0.1061	0	0.7	10
8.002	6.93	-4.001	0	-0.089	-0.016	-0.032	0.0431	0	0.7	11
4.001	0	-4.001	0	2.7881	-0.0339	0.0059	-0.0368	0	0.8	0
4.001	3.465	2.001	0	2.3906	0.0449	-0.0776	-0.0024	0	0.8	1
4.001	-3.465	2.001	0	2.7882	0.0119	0.0323	-0.0369	0	0.8	2
6.93	3.465	6.002	0	0.6996	-0.0558	-0.0633	-0.0537	0	0.8	3
6.93	-3.465	-6.002	0	0.6996	0.0558	0.0633	0.0537	0	0.8	4
6.93	3.465	-6.002	0	0.7646	-0.042	0.0662	-0.0763	0	0.8	5
6.93	-3.465	6.002	0	0.7646	0.042	-0.0662	0.0763	0	0.8	6
6.93	-6.93	0	0	0.7612	0.0958	-0.0073	-0.0848	0	0.8	7
6.93	6.93	0	0	0.7612	-0.0958	0.0073	0.0848	0	0.8	8
8.002	-0	8.002	0	-0.1146	0.0158	0.01	0.0323	0	0.8	9
8.002	-6.93	-4.001	0	-0.0052	-0.0044	0.0077	0.0901	0	0.8	10
8.002	6.93	-4.001	0	-0.1146	-0.0166	-0.0086	0.0323	0	0.8	11
4.001	0	-4.001	0	2.6886	-0.0368	0.0006	-0.0219	0	0.9	0
4.001	3.465	2.001	0	2.4567	0.0371	-0.0643	0.0209	0	0.9	1
4.001	-3.465	2.001	0	2.6886	0.0178	0.0322	-0.0219	0	0.9	2
6.93	3.465	6.002	0	0.7145	-0.0466	-0.0719	-0.0694	0	0.9	3
6.93	-3.465	-6.002	0	0.7145	0.0466	0.0719	0.0694	0	0.9	4
6.93	-3.465	6.002	0	0.775	0.0388	-0.0626	0.0762	0	0.9	5
6.93	3.465	-6.002	0	0.775	-0.0388	0.0626	-0.0762	0	0.9	6
6.93	-6.93	0	0	0.7544	0.0968	-0.0028	-0.0868	0	0.9	7
6.93	6.93	0	0	0.7544	-0.0968	0.0028	0.0868	0	0.9	8
8.002	-0	8.002	0	-0.1179	0.0167	0.0153	0.0365	0	0.9	9
8.002	-6.93	-4.001	0	-0.011	-0.0174	0.0301	0.0722	0	0.9	10
8.002	6.93	-4.001	0	-0.1179	-0.0215	-0.0068	0.0365	0	0.9	11
4.001	0	-4.001	0	2.6773	-0.0638	-0.0002	0.0252	0	1	0
4.001	3.465	2.001	0	2.6773	0.0316	-0.0552	0.0252	0	1	1
4.001	-3.465	2.001	0	2.6772	0.0316	0.055	0.0251	0	1	2
6.93	-3.465	-6.002	0	0.7184	0.0423	0.0761	0.0808	0	1	3
6.93	3.465	6.002	0	0.7184	-0.0423	-0.0761	-0.0808	0	1	4
6.93	3.465	-6.002	0	0.7184	-0.0447	0.0747	-0.0808	0	1	5
6.93	-3.465	6.002	0	0.7184	0.0447	-0.0747	0.0808	0	1	6
6.93	-6.93	0	0	0.7184	0.0871	0.0014	-0.0808	0	1	7
6.93	6.93	0	0	0.7184	-0.0871	-0.0014	0.0808	0	1	8
8.002	-0	8.002	0	-0.054	0.0399	-0	0.0608	0	1	9
8.002	-6.93	-4.001	0	-0.054	-0.02	0.0345	0.0608	0	1	10
8.002	6.93	-4.001	0	-0.0541	-0.02	-0.0346	0.0608	0	1	11
4.001	0	-4.001	0	2.8211	-0.0163	0	-0.06	0.1	0	0
4.001	3.465	2.001	0	2.6315	0.0494	-0.0316	0.0101	0.1	0	1
4.001	-3.465	2.001	0	2.6314	0.0493	0.0317	0.0101	0.1	0	2
6.93	-3.465	-6.002	0	0.7389	0.0359	0.0663	0.0699	0.1	0	3
6.93	3.465	6.002	0	0.7389	-0.0359	-0.0663	-0.0699	0.1	0	4
6.93	3.465	-6.002	0	0.7906	-0.0337	0.0671	-0.0733	0.1	0	5
6.93	-3.465	6.002	0	0.7906	0.0337	-0.0671	0.0733	0.1	0	6
6.93	-6.93	0	0	0.7163	0.0974	0.0023	-0.0821	0.1	0	7
6.93	6.93	0	0	0.7163	-0.0974	-0.0023	0.0821	0.1	0	8
8.002	-0	8.002	0	-0.1609	-0.0102	-0	0.0339	0.1	0	9
8.002	-6.93	-4.001	0	-0.0472	-0.0337	0.0227	0.0524	0.1	0	10
8.002	6.93	-4.001	0	-0.0472	-0.0337	-0.0227	0.0524	0.1	0	11
4.001	0	-4.001	0	2.6933	-0.0365	-0.0007	-0.0223	0.1	0.1	0
4.001	3.465	2.001	0	2.6933	0.0177	-0.0319	-0.0223	0.1	0.1	1
4.001	-3.465	2.001	0	2.4697	0.0368	0.0638	0.0225	0.1	0.1	2
6.93	-3.465	-6.002	0	0.7745	0.0349	0.0649	0.0763	0.1	0.1	3
6.93	3.465	6.002	0	0.7745	-0.0349	-0.0649	-0.0763	0.1	0.1	4
6.93	3.465	-6.002	0	0.7538	-0.0459	0.0851	-0.0867	0.1	0.1	5
6.93	-3.465	6.002	0	0.7538	0.0459	-0.0851	0.0867	0.1	0.1	6
6.93	-6.93	0	0	0.7144	0.0855	-0.0043	-0.0694	0.1	0.1	7
6.93	6.93	0	0	0.7144	-0.0855	0.0043	0.0694	0.1	0.1	8
8.002	-0	8.002	0	-0.1179	0.0165	-0.0152	0.0365	0.1	0.1	9
8.002	-6.93	-4.001	0	-0.1179	-0.0214	0.0067	0.0365	0.1	0.1	10
8.002	6.93	-4.001	0	-0.0117	-0.0174	-0.0301	0.0717	0.1	0.1	11
4.001	0	-4.001	-0	2.6815	-0.0118	0.0258	-0.0278	0.1	0.2	0
4.001	3.465	2.001	-0	2.7555	-0.001	-0.0197	-0.062	0.1	0.2	1
4.001	-3.465	2.001	-0	2.4861	0.0029	0.0637	-0.0083	0.1	0.2	2
6.93	3.465	6.002	0	0.8137	-0.0349	-0.0581	-0.0697	0.1	0.2	3
6.93	-3.465	-6.002	0	0.8137	0.0349	0.0581	0.0697	0.1	0.2	4
6.93	-3.465	6.002	0	0.7581	0.049	-0.0832	0.0881	0.1	0.2	5
6.93	3.465	-6.002	0	0.7581	-0.049	0.0832	-0.0881	0.1	0.2	6
6.93	-6.93	0	0	0.7506	0.0799	-0.0058	-0.0668	0.1	0.2	7
6.93	6.93	0	0	0.7506	-0.0799	0.0058	0.0668	0.1	0.2	8
8.002	-0	8.002	-0	-0.0924	0.0223	-0.0124	0.0287	0.1	0.2	9
8.002	-6.93	-4.001	-0	-0.166	-0.0005	-0.01	0.0266	0.1	0.2	10
8.002	6.93	-4.001	-0	-0.0584	-0.0023	-0.0254	0.057	0.1	0.2	11
4.001	0	-4.001	0	2.797	0.0204	0.0301	-0.0479	0.1	0.3	0
4.001	3.465	2.001	0	2.8201	-0.0103	0.0067	-0.0729	0.1	0.3	1
4.001	-3.465	2.001	0	2.6028	-0.0051	0.0496	-0.0397	0.1	0.3	2
6.93	-3.465	-6.002	0	0.8082	0.033	0.0559	0.0632	0.1	0.3	3
6.93	3.465	6.002	0	0.8082	-0.033	-0.0559	-0.0632	0.1	0.3	4
6.93	3.465	-6.002	0	0.774	-0.0452	0.0748	-0.0772	0.1	0.3	5
6.93	-3.465	6.002	0	0.774	0.0452	-0.0748	0.0772	0.1	0.3	6
6.93	-6.93	0	0	0.7664	0.0851	-0.0039	-0.0697	0.1	0.3	7
6.93	6.93	0	0	0.7664	-0.0851	0.0039	0.0697	0.1	0.3	8
8.002	-0	8.002	0	-0.0871	0.0139	-0.0036	0.0224	0.1	0.3	9
8.002	-6.93	-4.001	0	-0.1598	0.0011	-0.0047	0.0293	0.1	0.3	10
8.002	6.93	-4.001	0	-0.1128	-0.0027	-0.0201	0.0418	0.1	0.3	11
4.001	0	-4.001	-0	2.7674	0.028	0.0157	-0.0678	0.1	0.4	0
4.001	3.465	2.001	-0	2.7456	-0.0061	0.0141	-0.0454	0.1	0.4	1
4.001	-3.465	2.001	-0	2.6069	0.0016	0.0251	-0.0561	0.1	0.4	2
6.93	-3.465	-6.002	0	0.7985	0.0342	0.0607	0.0687	0.1	0.4	3
6.93	3.465	6.002	0	0.7985	-0.0342	-0.0607	-0.0687	0.1	0.4	4
6.93	3.465	-6.002	0	0.7878	-0.0392	0.0694	-0.0693	0.1	0.4	5
6.93	-3.465	6.002	0	0.7878	0.0392	-0.0694	0.0693	0.1	0.4	6
6.93	-6.93	0	0	0.7819	0.0879	-0.0026	-0.0732	0.1	0.4	7
6.93	6.93	0	0	0.7819	-0.0879	0.0026	0.0732	0.1	0.4	8
8.002	-0	8.002	-0	-0.098	0.0061	0.002	0.0201	0.1	0.4	9
8.002	-6.93	-4.001	-0	-0.1486	-0.0038	0.0088	0.0283	0.1	0.4	10
8.002	6.93	-4.001	-0	-0.1566	-0.0054	-0.014	0.0291	0.1	0.4	11
4.001	0	-4.001	-0.001	2.7567	0.0005	-0.0016	-0.0675	0.1	0.5	0
4.001	3.465	2.001	-0.001	2.669	0.0038	0.0095	-0.019	0.1	0.5	1
4.001	-3.465	2.001	-0.001	2.6505	0.0145	0.0086	-0.0509	0.1	0.5	2
6.93	3.465	6.002	0	0.7731	-0.038	-0.0646	-0.0766	0.1	0.5	3
6.93	-3.465	-6.002	0	0.7731	0.038	0.0646	0.0766	0.1	0.5	4
6.93	3.465	-6.002	0	0.7703	-0.0349	0.0708	-0.0622	0.1	0.5	5
6.93	-3.465	6.002	0	0.7703	0.0349	-0.0708	0.0622	0.1	0.5	6
6.93	-6.93	0	0	0.7804	0.0862	-0.0017	-0.072	0.1	0.5	7
6.93	6.93	0	0	0.7804	-0.0862	0.0017	0.072	0.1	0.5	8
8.002	-0	8.002	-0.001	-0.0806	0.0038	0.0056	0.0299	0.1	0.5	9
8.002	-6.93	-4.001	-0.001	-0.1364	-0.0065	0.0184	0.0346	0.1	0.5	10
8.002	6.93	-4.001	-0.001	-0.167	-0.0079	-0.0128	0.0298	0.1	0.5	11
4.001	0	-4.001	-0.001	2.6811	-0.0886	-0.015	-0.0369	0.1	0.6	0
4.001	3.465	2.001	-0.001	2.5246	0.0235	-0.0085	-0.0031	0.1	0.6	1
4.001	-3.465	2.001	-0.001	2.7188	0.0252	-0.0084	-0.0349	0.1	0.6	2
6.93	3.465	6.002	0	0.7401	-0.0485	-0.0666	-0.0833	0.1	0.6	3
6.93	-3.465	-6.002	0	0.7401	0.0485	0.0666	0.0833	0.1	0.6	4
6.93	3.465	-6.002	0	0.7432	-0.0332	0.0793	-0.0607	0.1	0.6	5
6.93	-3.465	6.002	0	0.7432	0.0332	-0.0793	0.0607	0.1	0.6	6
6.93	-6.93	0	0	0.7771	0.0789	-0.0014	-0.07	0.1	0.6	7
6.93	6.93	0	0	0.7771	-0.0789	0.0014	0.07	0.1	0.6	8
8.002	-0	8.002	-0.001	-0.0748	0.0111	0.007	0.0418	0.1	0.6	9
8.002	-6.93	-4.001	-0.001	-0.1331	-0.0067	0.0212	0.047	0.1	0.6	10
8.002	6.93	-4.001	-0.001	-0.1502	-0.0078	-0.0174	0.0323	0.1	0.6	11
4.001	0	-4.001	0	2.7586	-0.1598	0.0025	-0.0252	0.1	0.7	0
4.001	3.465	2.001	0	2.4532	0.0568	-0.0433	-0.0211	0.1	0.7	1
4.001	-3.465	2.001	0	2.893	0.0109	-0.0431	-0.0402	0.1	0.7	2
6.93	-3.465	-6.002	0	0.7074	0.0637	0.0645	0.0726	0.1	0.7	3
6.93	3.465	6.002	0	0.7074	-0.0637	-0.0645	-0.0726	0.1	0.7	4
6.93	3.465	-6.002	0	0.7295	-0.0379	0.0801	-0.0643	0.1	0.7	5
6.93	-3.465	6.002	0	0.7295	0.0379	-0.0801	0.0643	0.1	0.7	6
6.93	-6.93	0	0	0.7679	0.0746	-0.0022	-0.0742	0.1	0.7	7
6.93	6.93	0	0	0.7679	-0.0746	0.0022	0.0742	0.1	0.7	8
8.002	-0	8.002	0	-0.092	0.0239	0.0026	0.0459	0.1	0.7	9
8.002	-6.93	-4.001	0	-0.1065	-0.0081	0.011	0.0739	0.1	0.7	10
8.002	6.93	-4.001	0	-0.0886	-0.007	-0.0278	0.0318	0.1	0.7	11
4.001	0	-4.001	0	2.8262	-0.0745	0.0194	-0.0488	0.1	0.8	0
4.001	3.465	2.001	0	2.4562	0.0672	-0.0531	-0.0242	0.1	0.8	1
4.001	-3.465	2.001	0	2.8885	0.0077	-0.0437	-0.0416	0.1	0.8	2
6.93	3.465	6.002	0	0.7221	-0.0586	-0.0642	-0.0621	0.1	0.8	3
6.93	-3.465	-6.002	0	0.7221	0.0586	0.0642	0.0621	0.1	0.8	4
6.93	3.465	-6.002	0	0.7786	-0.0373	0.064	-0.066	0.1	0.8	5
6.93	-3.465	6.002	0	0.7786	0.0373	-0.064	0.066	0.1	0.8	6
6.93	-6.93	0	0	0.7627	0.0871	-0.0015	-0.0849	0.1	0.8	7
6.93	6.93	0	0	0.7627	-0.0871	0.0015	0.0849	0.1	0.8	8
8.002	-0	8.002	0	-0.1373	0.0061	0.0031	0.0358	0.1	0.8	9
8.002	-6.93	-4.001	0	-0.0608	-0.0127	0.0056	0.0779	0.1	0.8	10
8.002	6.93	-4.001	0	-0.0711	-0.0125	-0.0185	0.0276	0.1	0.8	11
4.001	0	-4.001	-0	2.7587	-0.0169	0.0098	-0.0536	0.1	0.9	0
4.001	3.465	2.001	-0	2.4892	0.0529	-0.0335	-0.0096	0.1	0.9	1
4.001	-3.465	2.001	-0	2.6845	0.0286	-0.003	-0.0241	0.1	0.9	2
6.93	3.465	6.002	0	0.7503	-0.0449	-0.0663	-0.067	0.1	0.9	3
6.93	-3.465	-6.002	0	0.7503	0.0449	0.0663	0.067	0.1	0.9	4
6.93	-3.465	6.002	0	0.8138	0.0332	-0.0596	0.0698	0.1	0.9	5
6.93	3.465	-6.002	0	0.8138	-0.0332	0.0596	-0.0698	0.1	0.9	6
6.93	-6.93	0	0	0.7591	0.0964	0.001	-0.0879	0.1	0.9	7
6.93	6.93	0	0	0.7591	-0.0964	-0.001	0.0879	0.1	0.9	8
8.002	-0	8.002	-0	-0.1662	-0.0081	0.0052	0.0263	0.1	0.9	9
8.002	-6.93	-4.001	-0	-0.0601	-0.0202	0.0139	0.0574	0.1	0.9	10
8.002	6.93	-4.001	-0	-0.0941	-0.0213	-0.0128	0.0289	0.1	0.9	11
4.001	0	-4.001	0	2.8211	-0.0163	0	-0.06	0.1	1	0
4.001	3.465	2.001	0	2.6315	0.0494	-0.0316	0.0101	0.1	1	1
4.001	-3.465	2.001	0	2.6314	0.0493	0.0317	0.0101	0.1	1	2
6.93	-3.465	-6.002	0	0.7389	0.0359	0.0663	0.0699	0.1	1	3
6.93	3.465	6.002	0	0.7389	-0.0359	-0.0663	-0.0699	0.1	1	4
6.93	3.465	-6.002	0	0.7906	-0.0337	0.0671	-0.0733	0.1	1	5
6.93	-3.465	6.002	0	0.7906	0.0337	-0.0671	0.0733	0.1	1	6
6.93	-6.93	0	0	0.7163	0.0974	0.0023	-0.0821	0.1	1	7
6.93	6.93	0	0	0.7163	-0.0974	-0.0023	0.0821	0.1	1	8
8.002	-0	8.002	0	-0.1609	-0.0102	-0	0.0339	0.1	1	9
8.002	-6.93	-4.001	0	-0.0472	-0.0337	0.0227	0.0524	0.1	1	10
8.002	6.93	-4.001	0	-0.0472	-0.0337	-0.0227	0.0524	0.1	1	11
4.001	0	-4.001	0	2.8372	0.0229	-0.0001	-0.0794	0.2	0	0
4.001	3.465	2.001	0	2.668	0.0418	-0.0034	-0.0292	0.2	0	1
4.001	-3.465	2.001	0	2.6679	0.0418	0.0033	-0.0292	0.2	0	2
6.93	-3.465	-6.002	0	0.769	0.0384	0.068	0.0679	0.2	0	3
6.93	3.465	6.002	0	0.769	-0.0384	-0.068	-0.0679	0.2	0	4
6.93	3.465	-6.002	0	0.816	-0.0287	0.0584	-0.0642	0.2	0	5
6.93	-3.465	6.002	0	0.816	0.0287	-0.0584	0.0642	0.2	0	6
6.93	-6.93	0	0	0.7519	0.0933	0.0041	-0.0771	0.2	0	7
6.93	6.93	0	0	0.7519	-0.0933	-0.0041	0.0771	0.2	0	8
8.002	-0	8.002	0	-0.1745	-0.0142	0	0.0268	0.2	0	9
8.002	-6.93	-4.001	0	-0.0879	-0.02	0.0133	0.0343	0.2	0	10
8.002	6.93	-4.001	0	-0.0879	-0.02	-0.0133	0.0343	0.2	0	11
4.001	0	-4.001	-0.001	2.7643	-0.0168	-0.0101	-0.056	0.2	0.1	0
4.001	3.465	2.001	-0.001	2.6819	0.0285	0.0028	-0.0245	0.2	0.1	1
4.001	-3.465	2.001	-0.001	2.4744	0.0534	0.034	-0.0094	0.2	0.1	2
6.93	-3.465	-6.002	0	0.7673	0.0354	0.0678	0.073	0.2	0.1	3
6.93	3.465	6.002	0	0.7673	-0.0354	-0.0678	-0.073	0.2	0.1	4
6.93	3.465	-6.002	0	0.8008	-0.0323	0.0716	-0.072	0.2	0.1	5
6.93	-3.465	6.002	0	0.8008	0.0323	-0.0716	0.072	0.2	0.1	6
6.93	-6.93	0	0	0.7299	0.0896	-0.0011	-0.0692	0.2	0.1	7
6.93	6.93	0	0	0.7299	-0.0896	0.0011	0.0692	0.2	0.1	8
8.002	-0	8.002	-0.001	-0.1666	-0.0082	-0.0053	0.0265	0.2	0.1	9
8.002	-6.93	-4.001	-0.001	-0.0935	-0.0216	0.0129	0.0289	0.2	0.1	10
8.002	6.93	-4.001	-0.001	-0.059	-0.0204	-0.0141	0.0576	0.2	0.1	11
4.001	0	-4.001	0	2.7937	-0.0339	-0.0052	-0.0305	0.2	0.2	0
4.001	3.465	2.001	0	2.7937	0.0124	-0.0319	-0.0305	0.2	0.2	1
4.001	-3.465	2.001	0	2.3951	0.0441	0.0765	-0.0017	0.2	0.2	2
6.93	3.465	6.002	0	0.7647	-0.0363	-0.0695	-0.0763	0.2	0.2	3
6.93	-3.465	-6.002	0	0.7647	0.0363	0.0695	0.0763	0.2	0.2	4
6.93	-3.465	6.002	0	0.7616	0.0417	-0.0865	0.0847	0.2	0.2	5
6.93	3.465	-6.002	0	0.7616	-0.0417	0.0865	-0.0847	0.2	0.2	6
6.93	-6.93	0	0	0.7	0.0826	-0.0163	-0.0542	0.2	0.2	7
6.93	6.93	0	0	0.7	-0.0826	0.0163	0.0542	0.2	0.2	8
8.002	-0	8.002	0	-0.1153	0.0153	-0.0099	0.0326	0.2	0.2	9
8.002	-6.93	-4.001	0	-0.1153	-0.0162	0.0083	0.0326	0.2	0.2	10
8.002	6.93	-4.001	0	-0.0072	-0.0042	-0.0073	0.0903	0.2	0.2	11
4.001	0	-4.001	0	2.8931	0.0346	0.0289	-0.0426	0.2	0.3	0
4.001	3.465	2.001	0	2.8309	0.0202	-0.0748	-0.0493	0.2	0.3	1
4.001	-3.465	2.001	0	2.4616	0.0124	0.086	-0.0238	0.2	0.3	2
6.93	-3.465	-6.002	0	0.7781	0.0367	0.0643	0.0659	0.2	0.3	3
6.93	3.465	6.002	0	0.7781	-0.0367	-0.0643	-0.0659	0.2	0.3	4
6.93	3.465	-6.002	0	0.7618	-0.0423	0.0762	-0.0849	0.2	0.3	5
6.93	-3.465	6.002	0	0.7618	0.0423	-0.0762	0.0849	0.2	0.3	6
6.93	-6.93	0	0	0.7211	0.0849	-0.0187	-0.0619	0.2	0.3	7
6.93	6.93	0	0	0.7211	-0.0849	0.0187	0.0619	0.2	0.3	8
8.002	-0	8.002	0	-0.0698	0.0224	-0.0015	0.0279	0.2	0.3	9
8.002	-6.93	-4.001	0	-0.1367	-0.0057	0.0038	0.0361	0.2	0.3	10
8.002	6.93	-4.001	0	-0.06	0.0015	-0.0139	0.0784	0.2	0.3	11
4.001	0	-4.001	-0	2.8799	0.0552	0.0256	-0.0587	0.2	0.4	0
4.001	3.465	2.001	-0	2.7561	0.0279	-0.0544	-0.0365	0.2	0.4	1
4.001	-3.465	2.001	-0	2.5122	0.0065	0.0566	-0.0429	0.2	0.4	2
6.93	-3.465	-6.002	0	0.7762	0.0365	0.0604	0.0637	0.2	0.4	3
6.93	3.465	6.002	0	0.7762	-0.0365	-0.0604	-0.0637	0.2	0.4	4
6.93	3.465	-6.002	0	0.7819	-0.0353	0.0649	-0.0725	0.2	0.4	5
6.93	-3.465	6.002	0	0.7819	0.0353	-0.0649	0.0725	0.2	0.4	6
6.93	-6.93	0	0	0.7492	0.0908	-0.0099	-0.0766	0.2	0.4	7
6.93	6.93	0	0	0.7492	-0.0908	0.0099	0.0766	0.2	0.4	8
8.002	-0	8.002	-0	-0.0766	0.0097	0.0057	0.0209	0.2	0.4	9
8.002	-6.93	-4.001	-0	-0.1276	-0.0058	0.0096	0.0337	0.2	0.4	10
8.002	6.93	-4.001	-0	-0.1499	-0.0061	-0.0169	0.0472	0.2	0.4	11
4.001	0	-4.001	-0.002	2.8448	0.0314	0.0122	-0.053	0.2	0.5	0
4.001	3.465	2.001	-0.002	2.6857	0.0385	-0.0483	-0.0087	0.2	0.5	1
4.001	-3.465	2.001	-0.002	2.5827	0.0161	0.0367	-0.0328	0.2	0.5	2
6.93	3.465	6.002	0	0.7501	-0.0361	-0.0588	-0.0697	0.2	0.5	3
6.93	-3.465	-6.002	0	0.7501	0.0361	0.0588	0.0697	0.2	0.5	4
6.93	3.465	-6.002	0	0.7667	-0.0277	0.0603	-0.0618	0.2	0.5	5
6.93	-3.465	6.002	0	0.7667	0.0277	-0.0603	0.0618	0.2	0.5	6
6.93	-6.93	0	0	0.7475	0.089	-0.0034	-0.0796	0.2	0.5	7
6.93	6.93	0	0	0.7475	-0.089	0.0034	0.0796	0.2	0.5	8
8.002	-0	8.002	-0.002	-0.0515	0.0011	0.0087	0.0303	0.2	0.5	9
8.002	-6.93	-4.001	-0.002	-0.1112	-0.0057	0.0172	0.0401	0.2	0.5	10
8.002	6.93	-4.001	-0.002	-0.1827	-0.0097	-0.0163	0.04	0.2	0.5	11
4.001	0	-4.001	-0.002	2.8383	-0.0796	-0.0047	-0.0226	0.2	0.6	0
4.001	3.465	2.001	-0.002	2.634	0.0572	-0.0532	0.0218	0.2	0.6	1
4.001	-3.465	2.001	-0.002	2.7096	0.0239	0.0103	-0.0257	0.2	0.6	2
6.93	3.465	6.002	0	0.7019	-0.0405	-0.0588	-0.0808	0.2	0.6	3
6.93	-3.465	-6.002	0	0.7019	0.0405	0.0588	0.0808	0.2	0.6	4
6.93	3.465	-6.002	0	0.7188	-0.0195	0.0613	-0.0525	0.2	0.6	5
6.93	-3.465	6.002	0	0.7188	0.0195	-0.0613	0.0525	0.2	0.6	6
6.93	-6.93	0	0	0.7328	0.0754	-0.0004	-0.0748	0.2	0.6	7
6.93	6.93	0	0	0.7328	-0.0754	0.0004	0.0748	0.2	0.6	8
8.002	-0	8.002	-0.002	-0.0157	0	0.0098	0.05	0.2	0.6	9
8.002	-6.93	-4.001	-0.002	-0.1134	-0.0052	0.0275	0.0509	0.2	0.6	10
8.002	6.93	-4.001	-0.002	-0.1509	-0.0063	-0.0168	0.0444	0.2	0.6	11
4.001	0	-4.001	-0.001	2.7324	-0.1712	-0.0062	0.0069	0.2	0.7	0
4.001	3.465	2.001	-0.001	2.4948	0.0575	-0.046	-0.0089	0.2	0.7	1
4.001	-3.465	2.001	-0.001	2.8808	0.0004	-0.0516	-0.0358	0.2	0.7	2
6.93	-3.465	-6.002	0	0.7001	0.0547	0.0691	0.0849	0.2	0.7	3
6.93	3.465	6.002	0	0.7001	-0.0547	-0.0691	-0.0849	0.2	0.7	4
6.93	3.465	-6.002	0	0.7171	-0.0255	0.0652	-0.0563	0.2	0.7	5
6.93	-3.465	6.002	0	0.7171	0.0255	-0.0652	0.0563	0.2	0.7	6
6.93	-6.93	0	0	0.7547	0.0629	-0.002	-0.0681	0.2	0.7	7
6.93	6.93	0	0	0.7547	-0.0629	0.002	0.0681	0.2	0.7	8
8.002	-0	8.002	-0.001	-0.054	0.016	0.0028	0.0533	0.2	0.7	9
8.002	-6.93	-4.001	-0.001	-0.1592	-0.0081	0.0228	0.0593	0.2	0.7	10
8.002	6.93	-4.001	-0.001	-0.0734	0.004	-0.016	0.036	0.2	0.7	11
4.001	0	-4.001	-0	2.7519	-0.0611	0.0031	-0.0395	0.2	0.8	0
4.001	3.465	2.001	-0	2.5198	0.0456	-0.0343	-0.0414	0.2	0.8	1
4.001	-3.465	2.001	-0	2.8775	-0.0056	-0.0609	-0.0576	0.2	0.8	2
6.93	3.465	6.002	0	0.7492	-0.054	-0.0739	-0.0765	0.2	0.8	3
6.93	-3.465	-6.002	0	0.7492	0.054	0.0739	0.0765	0.2	0.8	4
6.93	3.465	-6.002	0	0.7756	-0.034	0.0618	-0.0637	0.2	0.8	5
6.93	-3.465	6.002	0	0.7756	0.034	-0.0618	0.0637	0.2	0.8	6
6.93	-6.93	0	0	0.7818	0.0739	-0.0019	-0.0724	0.2	0.8	7
6.93	6.93	0	0	0.7818	-0.0739	0.0019	0.0724	0.2	0.8	8
8.002	-0	8.002	-0	-0.1273	0.0109	0.0002	0.0343	0.2	0.8	9
8.002	-6.93	-4.001	-0	-0.15	-0.0118	0.0139	0.0472	0.2	0.8	10
8.002	6.93	-4.001	-0	-0.0761	-0	-0.0113	0.0208	0.2	0.8	11
4.001	0	-4.001	-0	2.8188	0.0105	0.0058	-0.0743	0.2	0.9	0
4.001	3.465	2.001	-0	2.596	0.0454	-0.0202	-0.0403	0.2	0.9	1
4.001	-3.465	2.001	-0	2.7874	0.0155	-0.0328	-0.0516	0.2	0.9	2
6.93	3.465	6.002	0	0.7672	-0.046	-0.0717	-0.0698	0.2	0.9	3
6.93	-3.465	-6.002	0	0.7672	0.046	0.0717	0.0698	0.2	0.9	4
6.93	-3.465	6.002	0	0.8089	0.032	-0.0566	0.0633	0.2	0.9	5
6.93	3.465	-6.002	0	0.8089	-0.032	0.0566	-0.0633	0.2	0.9	6
6.93	-6.93	0	0	0.7745	0.0873	0.0016	-0.0774	0.2	0.9	7
6.93	6.93	0	0	0.7745	-0.0873	-0.0016	0.0774	0.2	0.9	8
8.002	-0	8.002	-0	-0.1603	-0.0043	0.0014	0.0287	0.2	0.9	9
8.002	-6.93	-4.001	-0	-0.113	-0.0161	0.0127	0.041	0.2	0.9	10
8.002	6.93	-4.001	-0	-0.0877	-0.0101	-0.0102	0.022	0.2	0.9	11
4.001	0	-4.001	0	2.8372	0.0229	-0.0001	-0.0794	0.2	1	0
4.001	3.465	2.001	0	2.668	0.0418	-0.0034	-0.0292	0.2	1	1
4.001	-3.465	2.001	0	2.6679	0.0418	0.0033	-0.0292	0.2	1	2
6.93	-3.465	-6.002	0	0.769	0.0384	0.068	0.0679	0.2	1	3
6.93	3.465	6.002	0	0.769	-0.0384	-0.068	-0.0679	0.2	1	4
6.93	3.465	-6.002	0	0.816	-0.0287	0.0584	-0.0642	0.2	1	5
6.93	-3.465	6.002	0	0.816	0.0287	-0.0584	0.0642	0.2	1	6
6.93	-6.93	0	0	0.7519	0.0933	0.0041	-0.0771	0.2	1	7
6.93	6.93	0	0	0.7519	-0.0933	-0.0041	0.0771	0.2	1	8
8.002	-0	8.002	0	-0.1745	-0.0142	0	0.0268	0.2	1	9
8.002	-6.93	-4.001	0	-0.0879	-0.02	0.0133	0.0343	0.2	1	10
8.002	6.93	-4.001	0	-0.0879	-0.02	-0.0133	0.0343	0.2	1	11
4.001	0	-4.001	0	2.7134	0.0295	0	-0.0577	0.3	0	0
4.001	3.465	2.001	0	2.6309	0.0182	0.0059	-0.046	0.3	0	1
4.001	-3.465	2.001	0	2.6309	0.0182	-0.0059	-0.0459	0.3	0	2
6.93	-3.465	-6.002	0	0.7956	0.0427	0.0709	0.0716	0.3	0	3
6.93	3.465	6.002	0	0.7956	-0.0427	-0.0709	-0.0716	0.3	0	4
6.93	3.465	-6.002	0	0.8192	-0.0332	0.0609	-0.0685	0.3	0	5
6.93	-3.465	6.002	0	0.8192	0.0332	-0.0609	0.0685	0.3	0	6
6.93	-6.93	0	0	0.7885	0.0868	0.003	-0.0747	0.3	0	7
6.93	6.93	0	0	0.7885	-0.0868	-0.003	0.0747	0.3	0	8
8.002	-0	8.002	0	-0.1661	0.0001	-0	0.0233	0.3	0	9
8.002	-6.93	-4.001	0	-0.1314	-0.0081	0.0084	0.0211	0.3	0	10
8.002	6.93	-4.001	0	-0.1314	-0.0081	-0.0084	0.0211	0.3	0	11
4.001	0	-4.001	0	2.8189	0.0109	-0.0055	-0.0728	0.3	0.1	0
4.001	3.465	2.001	0	2.7929	0.016	0.0327	-0.0477	0.3	0.1	1
4.001	-3.465	2.001	0	2.5992	0.0455	0.0204	-0.0398	0.3	0.1	2
6.93	-3.465	-6.002	0	0.7672	0.0399	0.0695	0.0691	0.3	0.1	3
6.93	3.465	6.002	0	0.7672	-0.0399	-0.0695	-0.0691	0.3	0.1	4
6.93	3.465	-6.002	0	0.8047	-0.0274	0.0624	-0.0628	0.3	0.1	5
6.93	-3.465	6.002	0	0.8047	0.0274	-0.0624	0.0628	0.3	0.1	6
6.93	-6.93	0	0	0.7492	0.0877	0.0051	-0.0696	0.3	0.1	7
6.93	6.93	0	0	0.7492	-0.0877	-0.0051	0.0696	0.3	0.1	8
8.002	-0	8.002	0	-0.16	-0.0046	-0.0014	0.0293	0.3	0.1	9
8.002	-6.93	-4.001	0	-0.0871	-0.0101	0.0102	0.0224	0.3	0.1	10
8.002	6.93	-4.001	0	-0.1129	-0.016	-0.0123	0.0418	0.3	0.1	11
4.001	0	-4.001	-0.001	2.8423	-0.0736	-0.0191	-0.0525	0.3	0.2	0
4.001	3.465	2.001	-0.001	2.872	0.0076	0.0422	-0.0394	0.3	0.2	1
4.001	-3.465	2.001	-0.001	2.4474	0.0661	0.0528	-0.0251	0.3	0.2	2
6.93	3.465	6.002	0	0.7265	-0.042	-0.0764	-0.0783	0.3	0.2	3
6.93	-3.465	-6.002	0	0.7265	0.042	0.0764	0.0783	0.3	0.2	4
6.93	-3.465	6.002	0	0.7742	0.0271	-0.0757	0.0653	0.3	0.2	5
6.93	3.465	-6.002	0	0.7742	-0.0271	0.0757	-0.0653	0.3	0.2	6
6.93	-6.93	0	0	0.707	0.0814	-0.0061	-0.0559	0.3	0.2	7
6.93	6.93	0	0	0.707	-0.0814	0.0061	0.0559	0.3	0.2	8
8.002	-0	8.002	-0.001	-0.1385	0.0058	-0.003	0.0355	0.3	0.2	9
8.002	-6.93	-4.001	-0.001	-0.0718	-0.0127	0.0187	0.0269	0.3	0.2	10
8.002	6.93	-4.001	-0.001	-0.0618	-0.0129	-0.0057	0.077	0.3	0.2	11
4.001	0	-4.001	0	2.8995	-0.0735	-0.0002	-0.0334	0.3	0.3	0
4.001	3.465	2.001	0	2.8996	0.0366	-0.0637	-0.0334	0.3	0.3	1
4.001	-3.465	2.001	0	2.4124	0.0493	0.0855	-0.0136	0.3	0.3	2
6.93	-3.465	-6.002	0	0.6995	0.0523	0.0846	0.0822	0.3	0.3	3
6.93	3.465	6.002	0	0.6995	-0.0523	-0.0846	-0.0822	0.3	0.3	4
6.93	3.465	-6.002	0	0.7493	-0.0339	0.0819	-0.0742	0.3	0.3	5
6.93	-3.465	6.002	0	0.7493	0.0339	-0.0819	0.0742	0.3	0.3	6
6.93	-6.93	0	0	0.6733	0.0806	-0.0273	-0.0459	0.3	0.3	7
6.93	6.93	0	0	0.6733	-0.0806	0.0273	0.0459	0.3	0.3	8
8.002	-0	8.002	0	-0.0891	0.0355	0.002	0.0433	0.3	0.3	9
8.002	-6.93	-4.001	0	-0.0891	-0.0161	0.0318	0.0433	0.3	0.3	10
8.002	6.93	-4.001	0	-0.0265	0.0038	0.0066	0.1066	0.3	0.3	11
4.001	0	-4.001	-0	2.8789	0.0317	0.0311	-0.0423	0.3	0.4	0
4.001	3.465	2.001	-0	2.7485	0.0777	-0.1393	-0.0225	0.3	0.4	1
4.001	-3.465	2.001	-0	2.4412	0.0087	0.0706	-0.0245	0.3	0.4	2
6.93	3.465	6.002	0	0.7312	-0.0504	-0.073	-0.0644	0.3	0.4	3
6.93	-3.465	-6.002	0	0.7312	0.0504	0.073	0.0644	0.3	0.4	4
6.93	3.465	-6.002	0	0.7693	-0.0354	0.0656	-0.0743	0.3	0.4	5
6.93	-3.465	6.002	0	0.7693	0.0354	-0.0656	0.0743	0.3	0.4	6
6.93	-6.93	0	0	0.7084	0.0877	-0.0228	-0.0726	0.3	0.4	7
6.93	6.93	0	0	0.7084	-0.0877	0.0228	0.0726	0.3	0.4	8
8.002	-0	8.002	-0	-0.0893	0.0274	0.0078	0.0316	0.3	0.4	9
8.002	-6.93	-4.001	-0	-0.0925	-0.0144	0.0197	0.0452	0.3	0.4	10
8.002	6.93	-4.001	-0	-0.1071	-0.0054	-0.0123	0.0738	0.3	0.4	11
4.001	0	-4.001	-0.001	2.8861	0.0447	0.0261	-0.0404	0.3	0.5	0
4.001	3.465	2.001	-0.001	2.7374	0.0906	-0.1449	0.0038	0.3	0.5	1
4.001	-3.465	2.001	-0.001	2.4998	0.0108	0.0731	-0.0104	0.3	0.5	2
6.93	-3.465	-6.002	0	0.7167	0.0438	0.0546	0.0562	0.3	0.5	3
6.93	3.465	6.002	0	0.7167	-0.0438	-0.0546	-0.0562	0.3	0.5	4
6.93	3.465	-6.002	0	0.754	-0.0297	0.0555	-0.0681	0.3	0.5	5
6.93	-3.465	6.002	0	0.754	0.0297	-0.0555	0.0681	0.3	0.5	6
6.93	-6.93	0	0	0.6996	0.0872	-0.0129	-0.0849	0.3	0.5	7
6.93	6.93	0	0	0.6996	-0.0872	0.0129	0.0849	0.3	0.5	8
8.002	-0	8.002	-0.001	-0.0734	0.012	0.0114	0.0355	0.3	0.5	9
8.002	-6.93	-4.001	-0.001	-0.0538	-0.0107	0.0128	0.0526	0.3	0.5	10
8.002	6.93	-4.001	-0.001	-0.1589	-0.016	-0.0189	0.0585	0.3	0.5	11
4.001	0	-4.001	-0.002	2.9468	-0.0447	0.0086	0.002	0.3	0.6	0
4.001	3.465	2.001	-0.002	2.8181	0.0973	-0.139	0.0516	0.3	0.6	1
4.001	-3.465	2.001	-0.002	2.7	0.0352	0.0899	0.0192	0.3	0.6	2
6.93	-3.465	-6.002	0	0.6646	0.0366	0.0418	0.0631	0.3	0.6	3
6.93	3.465	6.002	0	0.6646	-0.0366	-0.0418	-0.0631	0.3	0.6	4
6.93	3.465	-6.002	0	0.6882	-0.0204	0.0504	-0.0616	0.3	0.6	5
6.93	-3.465	6.002	0	0.6882	0.0204	-0.0504	0.0616	0.3	0.6	6
6.93	-6.93	0	0	0.6628	0.0688	-0.0058	-0.0801	0.3	0.6	7
6.93	6.93	0	0	0.6628	-0.0688	0.0058	0.0801	0.3	0.6	8
8.002	-0	8.002	-0.002	-0.0236	0.0014	0.0104	0.0566	0.3	0.6	9
8.002	-6.93	-4.001	-0.002	-0.0297	-0.0061	0.0129	0.0637	0.3	0.6	10
8.002	6.93	-4.001	-0.002	-0.1213	-0.0142	-0.017	0.0637	0.3	0.6	11
4.001	0	-4.001	-0.002	2.8182	-0.1691	-0.0148	0.0516	0.3	0.7	0
4.001	3.465	2.001	-0.002	2.7004	0.0603	-0.0755	0.0192	0.3	0.7	1
4.001	-3.465	2.001	-0.002	2.947	0.0298	0.0344	0.002	0.3	0.7	2
6.93	-3.465	-6.002	0	0.6628	0.0395	0.0566	0.0801	0.3	0.7	3
6.93	3.465	6.002	0	0.6628	-0.0395	-0.0566	-0.0801	0.3	0.7	4
6.93	3.465	-6.002	0	0.6646	-0.0179	0.0526	-0.0631	0.3	0.7	5
6.93	-3.465	6.002	0	0.6646	0.0179	-0.0526	0.0631	0.3	0.7	6
6.93	-6.93	0	0	0.6883	0.0539	-0.0075	-0.0616	0.3	0.7	7
6.93	6.93	0	0	0.6883	-0.0539	0.0075	0.0616	0.3	0.7	8
8.002	-0	8.002	-0.002	-0.0297	0.0142	-0.0012	0.0637	0.3	0.7	9
8.002	-6.93	-4.001	-0.002	-0.1214	-0.0076	0.0208	0.0637	0.3	0.7	10
8.002	6.93	-4.001	-0.002	-0.0237	0.0083	-0.0064	0.0566	0.3	0.7	11
4.001	0	-4.001	-0.002	2.6874	-0.061	-0.0091	-0.0088	0.3	0.8	0
4.001	3.465	2.001	-0.002	2.586	0.0239	-0.0323	-0.0328	0.3	0.8	1
4.001	-3.465	2.001	-0.002	2.8473	-0.0051	-0.0334	-0.0536	0.3	0.8	2
6.93	-3.465	-6.002	0	0.7472	0.0475	0.0753	0.0796	0.3	0.8	3
6.93	3.465	6.002	0	0.7472	-0.0475	-0.0753	-0.0796	0.3	0.8	4
6.93	3.465	-6.002	0	0.75	-0.0329	0.0607	-0.0697	0.3	0.8	5
6.93	-3.465	6.002	0	0.75	0.0329	-0.0607	0.0697	0.3	0.8	6
6.93	-6.93	0	0	0.7664	0.0661	-0.0062	-0.0617	0.3	0.8	7
6.93	6.93	0	0	0.7664	-0.0661	0.0062	0.0617	0.3	0.8	8
8.002	-0	8.002	-0.002	-0.1111	0.0178	-0.0036	0.04	0.3	0.8	9
8.002	-6.93	-4.001	-0.002	-0.1826	-0.0093	0.0166	0.0399	0.3	0.8	10
8.002	6.93	-4.001	-0.002	-0.0515	0.007	-0.0053	0.0303	0.3	0.8	11
4.001	0	-4.001	0.001	2.7029	0.0134	-0.0008	-0.0433	0.3	0.9	0
4.001	3.465	2.001	0.001	2.5935	0.0201	-0.0132	-0.0421	0.3	0.9	1
4.001	-3.465	2.001	0.001	2.7259	-0.0001	-0.0282	-0.0616	0.3	0.9	2
6.93	3.465	6.002	0	0.7873	-0.0459	-0.0747	-0.0739	0.3	0.9	3
6.93	-3.465	-6.002	0	0.7873	0.0459	0.0747	0.0739	0.3	0.9	4
6.93	-3.465	6.002	0	0.8022	0.0357	-0.0607	0.0699	0.3	0.9	5
6.93	3.465	-6.002	0	0.8022	-0.0357	0.0607	-0.0699	0.3	0.9	6
6.93	-6.93	0	0	0.7911	0.0799	-0.0009	-0.0702	0.3	0.9	7
6.93	6.93	0	0	0.7911	-0.0799	0.0009	0.0702	0.3	0.9	8
8.002	-0	8.002	0.001	-0.1516	0.0077	-0.0008	0.028	0.3	0.9	9
8.002	-6.93	-4.001	0.001	-0.1592	-0.009	0.0113	0.0275	0.3	0.9	10
8.002	6.93	-4.001	0.001	-0.1042	-0.0011	-0.0054	0.0203	0.3	0.9	11
4.001	0	-4.001	0	2.7134	0.0295	0	-0.0577	0.3	1	0
4.001	3.465	2.001	0	2.6309	0.0182	0.0059	-0.046	0.3	1	1
4.001	-3.465	2.001	0	2.6309	0.0182	-0.0059	-0.0459	0.3	1	2
6.93	-3.465	-6.002	0	0.7956	0.0427	0.0709	0.0716	0.3	1	3
6.93	3.465	6.002	0	0.7956	-0.0427	-0.0709	-0.0716	0.3	1	4
6.93	3.465	-6.002	0	0.8192	-0.0332	0.0609	-0.0685	0.3	1	5
6.93	-3.465	6.002	0	0.8192	0.0332	-0.0609	0.0685	0.3	1	6
6.93	-6.93	0	0	0.7885	0.0868	0.003	-0.0747	0.3	1	7
6.93	6.93	0	0	0.7885	-0.0868	-0.003	0.0747	0.3	1	8
8.002	-0	8.002	0	-0.1661	0.0001	-0	0.0233	0.3	1	9
8.002	-6.93	-4.001	0	-0.1314	-0.0081	0.0084	0.0211	0.3	1	10
8.002	6.93	-4.001	0	-0.1314	-0.0081	-0.0084	0.0211	0.3	1	11
4.001	0	-4.001	0	2.6365	0.0288	-0	-0.0325	0.4	0	0
4.001	3.465	2.001	0	2.6182	0.003	0.0006	-0.0485	0.4	0	1
4.001	-3.465	2.001	0	2.6182	0.0029	-0.0006	-0.0485	0.4	0	2
6.93	-3.465	-6.002	0	0.803	0.0449	0.0712	0.0709	0.4	0	3
6.93	3.465	6.002	0	0.803	-0.0449	-0.0712	-0.0709	0.4	0	4
6.93	3.465	-6.002	0	0.8122	-0.0366	0.0641	-0.0744	0.4	0	5
6.93	-3.465	6.002	0	0.8122	0.0366	-0.0641	0.0744	0.4	0	6
6.93	-6.93	0	0	0.7941	0.0858	0.0019	-0.0727	0.4	0	7
6.93	6.93	0	0	0.7941	-0.0858	-0.0019	0.0727	0.4	0	8
8.002	-0	8.002	0	-0.1543	0.0104	-0	0.0271	0.4	0	9
8.002	-6.93	-4.001	0	-0.1422	-0.003	0.0068	0.0215	0.4	0	10
8.002	6.93	-4.001	0	-0.1422	-0.003	-0.0068	0.0215	0.4	0	11
4.001	0	-4.001	0.001	2.7006	0.013	0.0011	-0.0434	0.4	0.1	0
4.001	3.465	2.001	0.001	2.7433	0.0003	0.0289	-0.0661	0.4	0.1	1
4.001	-3.465	2.001	0.001	2.5885	0.0203	0.0128	-0.0497	0.4	0.1	2
6.93	-3.465	-6.002	0	0.7869	0.0446	0.0684	0.0689	0.4	0.1	3
6.93	3.465	6.002	0	0.7869	-0.0446	-0.0684	-0.0689	0.4	0.1	4
6.93	3.465	-6.002	0	0.8111	-0.0322	0.0637	-0.0688	0.4	0.1	5
6.93	-3.465	6.002	0	0.8111	0.0322	-0.0637	0.0688	0.4	0.1	6
6.93	-6.93	0	0	0.7802	0.0863	0.0054	-0.0741	0.4	0.1	7
6.93	6.93	0	0	0.7802	-0.0863	-0.0054	0.0741	0.4	0.1	8
8.002	-0	8.002	0.001	-0.1509	0.0087	0.0009	0.0269	0.4	0.1	9
8.002	-6.93	-4.001	0.001	-0.1041	-0.0012	0.0057	0.0196	0.4	0.1	10
8.002	6.93	-4.001	0.001	-0.1586	-0.009	-0.0115	0.0273	0.4	0.1	11
4.001	0	-4.001	0	2.7601	-0.0649	-0.0039	-0.0369	0.4	0.2	0
4.001	3.465	2.001	0	2.8787	-0.0076	0.0667	-0.059	0.4	0.2	1
4.001	-3.465	2.001	0	2.5208	0.0484	0.0369	-0.0397	0.4	0.2	2
6.93	3.465	6.002	0	0.7393	-0.0467	-0.0734	-0.0754	0.4	0.2	3
6.93	-3.465	-6.002	0	0.7393	0.0467	0.0734	0.0754	0.4	0.2	4
6.93	-3.465	6.002	0	0.7829	0.0242	-0.0684	0.0614	0.4	0.2	5
6.93	3.465	-6.002	0	0.7829	-0.0242	0.0684	-0.0614	0.4	0.2	6
6.93	-6.93	0	0	0.7488	0.0799	0.0038	-0.0694	0.4	0.2	7
6.93	6.93	0	0	0.7488	-0.0799	-0.0038	0.0694	0.4	0.2	8
8.002	-0	8.002	0	-0.1245	0.0114	-0	0.0366	0.4	0.2	9
8.002	-6.93	-4.001	0	-0.0696	0.0005	0.0113	0.0226	0.4	0.2	10
8.002	6.93	-4.001	0	-0.1491	-0.0121	-0.0139	0.0503	0.4	0.2	11
4.001	0	-4.001	0.001	2.7433	-0.159	-0.0022	-0.0226	0.4	0.3	0
4.001	3.465	2.001	0.001	2.87	0.011	0.0427	-0.0395	0.4	0.3	1
4.001	-3.465	2.001	0.001	2.4396	0.0562	0.0428	-0.0232	0.4	0.3	2
6.93	-3.465	-6.002	0	0.6892	0.0554	0.0869	0.0883	0.4	0.3	3
6.93	3.465	6.002	0	0.6892	-0.0554	-0.0869	-0.0883	0.4	0.3	4
6.93	3.465	-6.002	0	0.7554	-0.0213	0.0781	-0.0578	0.4	0.3	5
6.93	-3.465	6.002	0	0.7554	0.0213	-0.0781	0.0578	0.4	0.3	6
6.93	-6.93	0	0	0.7247	0.0743	-0.0087	-0.0624	0.4	0.3	7
6.93	6.93	0	0	0.7247	-0.0743	0.0087	0.0624	0.4	0.3	8
8.002	-0	8.002	0.001	-0.093	0.0239	-0.0025	0.0455	0.4	0.3	9
8.002	-6.93	-4.001	0.001	-0.0896	-0.0069	0.0275	0.0317	0.4	0.3	10
8.002	6.93	-4.001	0.001	-0.1075	-0.0079	-0.0107	0.0739	0.4	0.3	11
4.001	0	-4.001	0	2.746	-0.0765	0.0263	-0.0387	0.4	0.4	0
4.001	3.465	2.001	0	2.7461	0.061	-0.0532	-0.0386	0.4	0.4	1
4.001	-3.465	2.001	0	2.4773	0.0113	0.0196	-0.0006	0.4	0.4	2
6.93	3.465	6.002	0	0.711	-0.0617	-0.0885	-0.0769	0.4	0.4	3
6.93	-3.465	-6.002	0	0.711	0.0617	0.0885	0.0769	0.4	0.4	4
6.93	3.465	-6.002	0	0.7662	-0.032	0.0754	-0.0624	0.4	0.4	5
6.93	-3.465	6.002	0	0.7662	0.032	-0.0754	0.0624	0.4	0.4	6
6.93	-6.93	0	0	0.7331	0.0797	-0.0144	-0.0724	0.4	0.4	7
6.93	6.93	0	0	0.7331	-0.0797	0.0144	0.0724	0.4	0.4	8
8.002	-0	8.002	0	-0.1081	0.0288	-0.0018	0.0428	0.4	0.4	9
8.002	-6.93	-4.001	0	-0.1081	-0.016	0.024	0.0427	0.4	0.4	10
8.002	6.93	-4.001	0	-0.1006	-0.0087	-0.0151	0.0658	0.4	0.4	11
4.001	0	-4.001	-0.001	2.7173	-0.0052	0.0259	-0.0345	0.4	0.5	0
4.001	3.465	2.001	-0.001	2.6826	0.0573	-0.069	-0.037	0.4	0.5	1
4.001	-3.465	2.001	-0.001	2.5274	-0.0044	0.0246	-0.0028	0.4	0.5	2
6.93	3.465	6.002	0	0.7432	-0.0521	-0.0684	-0.0607	0.4	0.5	3
6.93	-3.465	-6.002	0	0.7432	0.0521	0.0684	0.0607	0.4	0.5	4
6.93	3.465	-6.002	0	0.777	-0.0382	0.069	-0.07	0.4	0.5	5
6.93	-3.465	6.002	0	0.777	0.0382	-0.069	0.07	0.4	0.5	6
6.93	-6.93	0	0	0.74	0.0819	-0.0087	-0.0833	0.4	0.5	7
6.93	6.93	0	0	0.74	-0.0819	0.0087	0.0833	0.4	0.5	8
8.002	-0	8.002	-0.001	-0.1501	0.0189	0.002	0.0323	0.4	0.5	9
8.002	-6.93	-4.001	-0.001	-0.0749	-0.0116	0.0061	0.0418	0.4	0.5	10
8.002	6.93	-4.001	-0.001	-0.1331	-0.015	-0.0163	0.047	0.4	0.5	11
4.001	0	-4.001	-0.002	2.7104	-0.0214	0.0161	-0.0214	0.4	0.6	0
4.001	3.465	2.001	-0.002	2.8393	0.0445	-0.0671	-0.0229	0.4	0.6	1
4.001	-3.465	2.001	-0.002	2.6393	0.018	0.0766	0.0205	0.4	0.6	2
6.93	-3.465	-6.002	0	0.7173	0.0434	0.0473	0.0522	0.4	0.6	3
6.93	3.465	6.002	0	0.7173	-0.0434	-0.0473	-0.0522	0.4	0.6	4
6.93	3.465	-6.002	0	0.7323	-0.0375	0.0655	-0.0747	0.4	0.6	5
6.93	-3.465	6.002	0	0.7323	0.0375	-0.0655	0.0747	0.4	0.6	6
6.93	-6.93	0	0	0.7008	0.0711	-0.0057	-0.0808	0.4	0.6	7
6.93	6.93	0	0	0.7008	-0.0711	0.0057	0.0808	0.4	0.6	8
8.002	-0	8.002	-0.002	-0.1504	0.0182	0.003	0.0445	0.4	0.6	9
8.002	-6.93	-4.001	-0.002	-0.0141	-0.0084	-0.0051	0.0508	0.4	0.6	10
8.002	6.93	-4.001	-0.002	-0.1132	-0.0211	-0.018	0.0517	0.4	0.6	11
4.001	0	-4.001	-0.002	2.7003	-0.0956	-0.0144	0.0193	0.4	0.7	0
4.001	3.465	2.001	-0.002	2.9471	0.0148	-0.043	0.002	0.4	0.7	1
4.001	-3.465	2.001	-0.002	2.8182	0.0717	0.1539	0.0515	0.4	0.7	2
6.93	-3.465	-6.002	0	0.6882	0.0334	0.0429	0.0616	0.4	0.7	3
6.93	3.465	6.002	0	0.6882	-0.0334	-0.0429	-0.0616	0.4	0.7	4
6.93	3.465	-6.002	0	0.6628	-0.0293	0.0625	-0.0801	0.4	0.7	5
6.93	-3.465	6.002	0	0.6628	0.0293	-0.0625	0.0801	0.4	0.7	6
6.93	-6.93	0	0	0.6646	0.0545	-0.0108	-0.0631	0.4	0.7	7
6.93	6.93	0	0	0.6646	-0.0545	0.0108	0.0631	0.4	0.7	8
8.002	-0	8.002	-0.002	-0.1214	0.0219	-0.0038	0.0637	0.4	0.7	9
8.002	-6.93	-4.001	-0.002	-0.0237	-0.0097	-0.004	0.0566	0.4	0.7	10
8.002	6.93	-4.001	-0.002	-0.0297	-0.0081	-0.0117	0.0637	0.4	0.7	11
4.001	0	-4.001	-0.002	2.6354	-0.075	-0.023	0.0217	0.4	0.8	0
4.001	3.465	2.001	-0.002	2.706	-0.0031	-0.0263	-0.0238	0.4	0.8	1
4.001	-3.465	2.001	-0.002	2.8394	0.0357	0.0714	-0.023	0.4	0.8	2
6.93	-3.465	-6.002	0	0.7329	0.038	0.0652	0.0748	0.4	0.8	3
6.93	3.465	6.002	0	0.7329	-0.038	-0.0652	-0.0748	0.4	0.8	4
6.93	3.465	-6.002	0	0.7017	-0.0307	0.0644	-0.0808	0.4	0.8	5
6.93	-3.465	6.002	0	0.7017	0.0307	-0.0644	0.0808	0.4	0.8	6
6.93	-6.93	0	0	0.7186	0.0628	-0.0138	-0.0524	0.4	0.8	7
6.93	6.93	0	0	0.7186	-0.0628	0.0138	0.0524	0.4	0.8	8
8.002	-0	8.002	-0.002	-0.1133	0.0264	-0.0093	0.0512	0.4	0.8	9
8.002	-6.93	-4.001	-0.002	-0.1507	-0.0115	0.014	0.0444	0.4	0.8	10
8.002	6.93	-4.001	-0.002	-0.0156	0.0085	-0.0048	0.0502	0.4	0.8	11
4.001	0	-4.001	-0.001	2.6699	0.0064	-0.0081	-0.0184	0.4	0.9	0
4.001	3.465	2.001	-0.001	2.6542	0.0001	-0.0169	-0.0502	0.4	0.9	1
4.001	-3.465	2.001	-0.001	2.7567	-0.0017	0.0003	-0.0666	0.4	0.9	2
6.93	3.465	6.002	0	0.7802	-0.0445	-0.0738	-0.0719	0.4	0.9	3
6.93	-3.465	-6.002	0	0.7802	0.0445	0.0738	0.0719	0.4	0.9	4
6.93	-3.465	6.002	0	0.7729	0.037	-0.0652	0.0767	0.4	0.9	5
6.93	3.465	-6.002	0	0.7729	-0.037	0.0652	-0.0767	0.4	0.9	6
6.93	-6.93	0	0	0.7701	0.0788	-0.0051	-0.0621	0.4	0.9	7
6.93	6.93	0	0	0.7701	-0.0788	0.0051	0.0621	0.4	0.9	8
8.002	-0	8.002	-0.001	-0.1363	0.0191	-0.0036	0.0348	0.4	0.9	9
8.002	-6.93	-4.001	-0.001	-0.167	-0.0071	0.0132	0.03	0.4	0.9	10
8.002	6.93	-4.001	-0.001	-0.0804	0.003	-0.006	0.03	0.4	0.9	11
4.001	0	-4.001	0	2.6365	0.0288	-0	-0.0325	0.4	1	0
4.001	3.465	2.001	0	2.6182	0.003	0.0006	-0.0485	0.4	1	1
4.001	-3.465	2.001	0	2.6182	0.0029	-0.0006	-0.0485	0.4	1	2
6.93	-3.465	-6.002	0	0.803	0.0449	0.0712	0.0709	0.4	1	3
6.93	3.465	6.002	0	0.803	-0.0449	-0.0712	-0.0709	0.4	1	4
6.93	3.465	-6.002	0	0.8122	-0.0366	0.0641	-0.0744	0.4	1	5
6.93	-3.465	6.002	0	0.8122	0.0366	-0.0641	0.0744	0.4	1	6
6.93	-6.93	0	0	0.7941	0.0858	0.0019	-0.0727	0.4	1	7
6.93	6.93	0	0	0.7941	-0.0858	-0.0019	0.0727	0.4	1	8
8.002	-0	8.002	0	-0.1543	0.0104	-0	0.0271	0.4	1	9
8.002	-6.93	-4.001	0	-0.1422	-0.003	0.0068	0.0215	0.4	1	10
8.002	6.93	-4.001	0	-0.1422	-0.003	-0.0068	0.0215	0.4	1	11
4.001	0	-4.001	0	2.5993	0.019	0.0001	-0.0217	0.5	0	0
4.001	3.465	2.001	0	2.6854	-0.0045	-0.0248	-0.0504	0.5	0	1
4.001	-3.465	2.001	0	2.6854	-0.0046	0.0248	-0.0504	0.5	0	2
6.93	-3.465	-6.002	0	0.7909	0.047	0.0692	0.0651	0.5	0	3
6.93	3.465	6.002	0	0.7909	-0.047	-0.0692	-0.0651	0.5	0	4
6.93	3.465	-6.002	0	0.7832	-0.0364	0.069	-0.0792	0.5	0	5
6.93	-3.465	6.002	0	0.7832	0.0364	-0.069	0.0792	0.5	0	6
6.93	-6.93	0	0	0.7646	0.0928	-0.002	-0.0708	0.5	0	7
6.93	6.93	0	0	0.7646	-0.0928	0.002	0.0708	0.5	0	8
8.002	-0	8.002	0	-0.135	0.0196	0	0.0382	0.5	0	9
8.002	-6.93	-4.001	0	-0.1282	-0.0033	0.0122	0.0301	0.5	0	10
8.002	6.93	-4.001	0	-0.1282	-0.0033	-0.0121	0.0301	0.5	0	11
4.001	0	-4.001	0.001	2.6718	0.0073	0.0088	-0.022	0.5	0.1	0
4.001	3.465	2.001	0.001	2.7735	-0.0015	-0.0005	-0.0645	0.5	0.1	1
4.001	-3.465	2.001	0.001	2.6544	-0.0003	0.0177	-0.0544	0.5	0.1	2
6.93	-3.465	-6.002	0	0.7818	0.0497	0.0644	0.0628	0.5	0.1	3
6.93	3.465	6.002	0	0.7818	-0.0497	-0.0644	-0.0628	0.5	0.1	4
6.93	3.465	-6.002	0	0.7988	-0.0346	0.0656	-0.0746	0.5	0.1	5
6.93	-3.465	6.002	0	0.7988	0.0346	-0.0656	0.0746	0.5	0.1	6
6.93	-6.93	0	0	0.7656	0.0912	0.0044	-0.0768	0.5	0.1	7
6.93	6.93	0	0	0.7656	-0.0912	-0.0044	0.0768	0.5	0.1	8
8.002	-0	8.002	0.001	-0.1349	0.0195	0.0038	0.0355	0.5	0.1	9
8.002	-6.93	-4.001	0.001	-0.0781	0.0029	0.0066	0.03	0.5	0.1	10
8.002	6.93	-4.001	0.001	-0.1665	-0.0072	-0.0133	0.0307	0.5	0.1	11
4.001	0	-4.001	0.001	2.6872	-0.0631	0.0091	-0.0022	0.5	0.2	0
4.001	3.465	2.001	0.001	2.8176	-0.0058	0.0355	-0.0597	0.5	0.2	1
4.001	-3.465	2.001	0.001	2.5621	0.0251	0.0325	-0.0328	0.5	0.2	2
6.93	3.465	6.002	0	0.7523	-0.0497	-0.0659	-0.0706	0.5	0.2	3
6.93	-3.465	-6.002	0	0.7523	0.0497	0.0659	0.0706	0.5	0.2	4
6.93	-3.465	6.002	0	0.7873	0.0281	-0.0669	0.0682	0.5	0.2	5
6.93	3.465	-6.002	0	0.7873	-0.0281	0.0669	-0.0682	0.5	0.2	6
6.93	-6.93	0	0	0.7638	0.082	0.0058	-0.0798	0.5	0.2	7
6.93	6.93	0	0	0.7638	-0.082	-0.0058	0.0798	0.5	0.2	8
8.002	-0	8.002	0.001	-0.111	0.0185	0.0036	0.04	0.5	0.2	9
8.002	-6.93	-4.001	0.001	-0.05	0.0075	0.0047	0.0315	0.5	0.2	10
8.002	6.93	-4.001	0.001	-0.1831	-0.0093	-0.0168	0.0407	0.5	0.2	11
4.001	0	-4.001	0.001	2.7296	-0.1711	0.0062	0.0062	0.5	0.3	0
4.001	3.465	2.001	0.001	2.8777	0.0006	0.0515	-0.0355	0.5	0.3	1
4.001	-3.465	2.001	0.001	2.4965	0.0574	0.046	-0.0088	0.5	0.3	2
6.93	-3.465	-6.002	0	0.7025	0.0504	0.0774	0.0852	0.5	0.3	3
6.93	3.465	6.002	0	0.7025	-0.0504	-0.0774	-0.0852	0.5	0.3	4
6.93	3.465	-6.002	0	0.7502	-0.0156	0.0738	-0.0571	0.5	0.3	5
6.93	-3.465	6.002	0	0.7502	0.0156	-0.0738	0.0571	0.5	0.3	6
6.93	-6.93	0	0	0.7546	0.0713	-0.0004	-0.0773	0.5	0.3	7
6.93	6.93	0	0	0.7546	-0.0713	0.0004	0.0773	0.5	0.3	8
8.002	-0	8.002	0.001	-0.0542	0.016	-0.0028	0.0532	0.5	0.3	9
8.002	-6.93	-4.001	0.001	-0.0735	0.004	0.016	0.0359	0.5	0.3	10
8.002	6.93	-4.001	0.001	-0.1594	-0.0081	-0.0228	0.0592	0.5	0.3	11
4.001	0	-4.001	0.002	2.6659	-0.0893	0.0149	-0.0368	0.5	0.4	0
4.001	3.465	2.001	0.002	2.6935	0.0253	0.0085	-0.0357	0.5	0.4	1
4.001	-3.465	2.001	0.002	2.5201	0.0236	0.0087	-0.0026	0.5	0.4	2
6.93	3.465	6.002	0	0.735	-0.0515	-0.0863	-0.0843	0.5	0.4	3
6.93	-3.465	-6.002	0	0.735	0.0515	0.0863	0.0843	0.5	0.4	4
6.93	3.465	-6.002	0	0.7735	-0.0247	0.0768	-0.0588	0.5	0.4	5
6.93	-3.465	6.002	0	0.7735	0.0247	-0.0768	0.0588	0.5	0.4	6
6.93	-6.93	0	0	0.7797	0.0755	-0.005	-0.0779	0.5	0.4	7
6.93	6.93	0	0	0.7797	-0.0755	0.005	0.0779	0.5	0.4	8
8.002	-0	8.002	0.002	-0.0749	0.0111	-0.007	0.0419	0.5	0.4	9
8.002	-6.93	-4.001	0.002	-0.1501	-0.0078	0.0174	0.0325	0.5	0.4	10
8.002	6.93	-4.001	0.002	-0.1337	-0.0066	-0.0212	0.0471	0.5	0.4	11
4.001	0	-4.001	0	2.6974	-0.02	0.0163	-0.0549	0.5	0.5	0
4.001	3.465	2.001	0	2.6975	0.0242	-0.0092	-0.0549	0.5	0.5	1
4.001	-3.465	2.001	0	2.6101	-0.0102	-0.0177	-0.0161	0.5	0.5	2
6.93	3.465	6.002	0	0.761	-0.0486	-0.0798	-0.0701	0.5	0.5	3
6.93	-3.465	-6.002	0	0.761	0.0486	0.0798	0.0701	0.5	0.5	4
6.93	3.465	-6.002	0	0.7876	-0.0362	0.0755	-0.0642	0.5	0.5	5
6.93	-3.465	6.002	0	0.7876	0.0362	-0.0755	0.0642	0.5	0.5	6
6.93	-6.93	0	0	0.7814	0.0779	-0.003	-0.079	0.5	0.5	7
6.93	6.93	0	0	0.7814	-0.0779	0.003	0.079	0.5	0.5	8
8.002	-0	8.002	0	-0.1254	0.0124	-0.0036	0.0321	0.5	0.5	9
8.002	-6.93	-4.001	0	-0.1254	-0.0093	0.0089	0.0321	0.5	0.5	10
8.002	6.93	-4.001	0	-0.1319	-0.0106	-0.0184	0.0394	0.5	0.5	11
4.001	0	-4.001	-0.001	2.6592	-0.0146	0.0085	-0.0487	0.5	0.6	0
4.001	3.465	2.001	-0.001	2.7472	0.0013	0.0009	-0.063	0.5	0.6	1
4.001	-3.465	2.001	-0.001	2.6599	-0.0105	-0.0016	-0.0173	0.5	0.6	2
6.93	-3.465	-6.002	0	0.7707	0.0439	0.0657	0.0621	0.5	0.6	3
6.93	3.465	6.002	0	0.7707	-0.0439	-0.0657	-0.0621	0.5	0.6	4
6.93	3.465	-6.002	0	0.7805	-0.0418	0.0754	-0.0719	0.5	0.6	5
6.93	-3.465	6.002	0	0.7805	0.0418	-0.0754	0.0719	0.5	0.6	6
6.93	-6.93	0	0	0.7733	0.075	-0.0006	-0.0768	0.5	0.6	7
6.93	6.93	0	0	0.7733	-0.075	0.0006	0.0768	0.5	0.6	8
8.002	-0	8.002	-0.001	-0.1676	0.0146	-0.0004	0.0305	0.5	0.6	9
8.002	-6.93	-4.001	-0.001	-0.0803	-0.0067	0.0003	0.0303	0.5	0.6	10
8.002	6.93	-4.001	-0.001	-0.1364	-0.0125	-0.0144	0.0353	0.5	0.6	11
4.001	0	-4.001	-0.001	2.5664	-0.0402	-0.0046	-0.0342	0.5	0.7	0
4.001	3.465	2.001	-0.001	2.8348	-0.027	0.0216	-0.054	0.5	0.7	1
4.001	-3.465	2.001	-0.001	2.6831	0.0228	0.0584	-0.0053	0.5	0.7	2
6.93	-3.465	-6.002	0	0.7674	0.0383	0.0539	0.0618	0.5	0.7	3
6.93	3.465	6.002	0	0.7674	-0.0383	-0.0539	-0.0618	0.5	0.7	4
6.93	3.465	-6.002	0	0.7477	-0.0414	0.0789	-0.0797	0.5	0.7	5
6.93	-3.465	6.002	0	0.7477	0.0414	-0.0789	0.0797	0.5	0.7	6
6.93	-6.93	0	0	0.7508	0.0689	-0.0019	-0.0696	0.5	0.7	7
6.93	6.93	0	0	0.7508	-0.0689	0.0019	0.0696	0.5	0.7	8
8.002	-0	8.002	-0.001	-0.1829	0.0188	-0.0003	0.0407	0.5	0.7	9
8.002	-6.93	-4.001	-0.001	-0.0509	-0.008	-0.0037	0.0307	0.5	0.7	10
8.002	6.93	-4.001	-0.001	-0.1112	-0.0122	-0.0138	0.0402	0.5	0.7	11
4.001	0	-4.001	-0.001	2.493	-0.0685	-0.0269	-0.0086	0.5	0.8	0
4.001	3.465	2.001	-0.001	2.8795	-0.045	0.0253	-0.0363	0.5	0.8	1
4.001	-3.465	2.001	-0.001	2.7295	0.0801	0.1511	0.0078	0.5	0.8	2
6.93	-3.465	-6.002	0	0.7548	0.0332	0.0535	0.0682	0.5	0.8	3
6.93	3.465	6.002	0	0.7548	-0.0332	-0.0535	-0.0682	0.5	0.8	4
6.93	3.465	-6.002	0	0.7003	-0.0325	0.0819	-0.085	0.5	0.8	5
6.93	-3.465	6.002	0	0.7003	0.0325	-0.0819	0.085	0.5	0.8	6
6.93	-6.93	0	0	0.7175	0.0692	-0.0105	-0.0563	0.5	0.8	7
6.93	6.93	0	0	0.7175	-0.0692	0.0105	0.0563	0.5	0.8	8
8.002	-0	8.002	-0.001	-0.1593	0.0237	-0.0044	0.0593	0.5	0.8	9
8.002	-6.93	-4.001	-0.001	-0.0736	-0.0158	0.0044	0.0361	0.5	0.8	10
8.002	6.93	-4.001	-0.001	-0.0542	-0.0056	-0.0153	0.0532	0.5	0.8	11
4.001	0	-4.001	0	2.5128	-0.0194	-0.016	-0.0046	0.5	0.9	0
4.001	3.465	2.001	0	2.6941	-0.0199	-0.0178	-0.0352	0.5	0.9	1
4.001	-3.465	2.001	0	2.672	0.0313	0.0849	-0.0395	0.5	0.9	2
6.93	3.465	6.002	0	0.7785	-0.0407	-0.0676	-0.0702	0.5	0.9	3
6.93	-3.465	-6.002	0	0.7785	0.0407	0.0676	0.0702	0.5	0.9	4
6.93	-3.465	6.002	0	0.7412	0.0333	-0.0754	0.0834	0.5	0.9	5
6.93	3.465	-6.002	0	0.7412	-0.0333	0.0754	-0.0834	0.5	0.9	6
6.93	-6.93	0	0	0.7442	0.0853	-0.011	-0.0608	0.5	0.9	7
6.93	6.93	0	0	0.7442	-0.0853	0.011	0.0608	0.5	0.9	8
8.002	-0	8.002	0	-0.1333	0.0218	-0.0047	0.0469	0.5	0.9	9
8.002	-6.93	-4.001	0	-0.1501	-0.0114	0.0158	0.032	0.5	0.9	10
8.002	6.93	-4.001	0	-0.0752	0.0005	-0.0131	0.0417	0.5	0.9	11
4.001	0	-4.001	0	2.5993	0.019	0.0001	-0.0217	0.5	1	0
4.001	3.465	2.001	0	2.6854	-0.0045	-0.0248	-0.0504	0.5	1	1
4.001	-3.465	2.001	0	2.6854	-0.0046	0.0248	-0.0504	0.5	1	2
6.93	-3.465	-6.002	0	0.7909	0.047	0.0692	0.0651	0.5	1	3
6.93	3.465	6.002	0	0.7909	-0.047	-0.0692	-0.0651	0.5	1	4
6.93	3.465	-6.002	0	0.7832	-0.0364	0.069	-0.0792	0.5	1	5
6.93	-3.465	6.002	0	0.7832	0.0364	-0.069	0.0792	0.5	1	6
6.93	-6.93	0	0	0.7646	0.0928	-0.002	-0.0708	0.5	1	7
6.93	6.93	0	0	0.7646	-0.0928	0.002	0.0708	0.5	1	8
8.002	-0	8.002	0	-0.135	0.0196	0	0.0382	0.5	1	9
8.002	-6.93	-4.001	0	-0.1282	-0.0033	0.0122	0.0301	0.5	1	10
8.002	6.93	-4.001	0	-0.1282	-0.0033	-0.0121	0.0301	0.5	1	11
4.001	0	-4.001	0	2.4843	-0.0223	0	-0.0087	0.6	0	0
4.001	3.465	2.001	0	2.7561	0.015	-0.08	-0.0408	0.6	0	1
4.001	-3.465	2.001	0	2.756	0.0149	0.0801	-0.0408	0.6	0	2
6.93	3.465	6.002	0	0.7656	-0.0494	-0.0654	-0.0621	0.6	0	3
6.93	-3.465	-6.002	0	0.7656	0.0494	0.0654	0.0621	0.6	0	4
6.93	3.465	-6.002	0	0.7314	-0.0272	0.0762	-0.0722	0.6	0	5
6.93	-3.465	6.002	0	0.7314	0.0272	-0.0762	0.0722	0.6	0	6
6.93	6.93	0	0	0.7098	-0.1076	0.0094	0.0767	0.6	0	7
6.93	-6.93	0	0	0.7098	0.1076	-0.0094	-0.0767	0.6	0	8
8.002	-0	8.002	0	-0.0998	0.0176	0	0.0657	0.6	0	9
8.002	-6.93	-4.001	0	-0.1073	-0.0133	0.0266	0.042	0.6	0	10
8.002	6.93	-4.001	0	-0.1073	-0.0133	-0.0266	0.042	0.6	0	11
4.001	0	-4.001	0.001	2.5228	-0.0192	0.0166	0.0002	0.6	0.1	0
4.001	3.465	2.001	0.001	2.6686	0.0318	-0.0843	-0.0322	0.6	0.1	1
4.001	-3.465	2.001	0.001	2.7232	-0.0203	0.0173	-0.036	0.6	0.1	2
6.93	-3.465	-6.002	0	0.7732	0.0541	0.0598	0.059	0.6	0.1	3
6.93	3.465	6.002	0	0.7732	-0.0541	-0.0598	-0.059	0.6	0.1	4
6.93	3.465	-6.002	0	0.7792	-0.0335	0.068	-0.0778	0.6	0.1	5
6.93	-3.465	6.002	0	0.7792	0.0335	-0.068	0.0778	0.6	0.1	6
6.93	-6.93	0	0	0.7335	0.1003	-0.0013	-0.084	0.6	0.1	7
6.93	6.93	0	0	0.7335	-0.1003	0.0013	0.084	0.6	0.1	8
8.002	-0	8.002	0.001	-0.1331	0.0214	0.005	0.0475	0.6	0.1	9
8.002	-6.93	-4.001	0.001	-0.0744	0.0006	0.0131	0.0421	0.6	0.1	10
8.002	6.93	-4.001	0.001	-0.1506	-0.0109	-0.0148	0.0332	0.6	0.1	11
4.001	0	-4.001	0.001	2.6382	-0.0748	0.0228	0.0221	0.6	0.2	0
4.001	3.465	2.001	0.001	2.8379	0.0353	-0.0718	-0.0204	0.6	0.2	1
4.001	-3.465	2.001	0.001	2.7002	-0.0033	0.0267	-0.0193	0.6	0.2	2
6.93	3.465	6.002	0	0.7428	-0.0554	-0.0542	-0.0612	0.6	0.2	3
6.93	-3.465	-6.002	0	0.7428	0.0554	0.0542	0.0612	0.6	0.2	4
6.93	-3.465	6.002	0	0.7722	0.0311	-0.0636	0.0776	0.6	0.2	5
6.93	3.465	-6.002	0	0.7722	-0.0311	0.0636	-0.0776	0.6	0.2	6
6.93	6.93	0	0	0.7281	-0.087	-0.0019	0.0865	0.6	0.2	7
6.93	-6.93	0	0	0.7281	0.087	0.0019	-0.0865	0.6	0.2	8
8.002	-0	8.002	0.001	-0.1135	0.0259	0.0092	0.0521	0.6	0.2	9
8.002	-6.93	-4.001	0.001	-0.0153	0.0086	0.0045	0.0507	0.6	0.2	10
8.002	6.93	-4.001	0.001	-0.1506	-0.0115	-0.0138	0.0449	0.6	0.2	11
4.001	0	-4.001	0.002	2.8188	-0.1689	0.0149	0.052	0.6	0.3	0
4.001	3.465	2.001	0.002	2.9477	0.0297	-0.0343	0.0025	0.6	0.3	1
4.001	-3.465	2.001	0.002	2.7009	0.0603	0.0755	0.0197	0.6	0.3	2
6.93	-3.465	-6.002	0	0.6992	0.0471	0.0606	0.0784	0.6	0.3	3
6.93	3.465	6.002	0	0.6992	-0.0471	-0.0606	-0.0784	0.6	0.3	4
6.93	3.465	-6.002	0	0.7277	-0.0192	0.0672	-0.0685	0.6	0.3	5
6.93	-3.465	6.002	0	0.7277	0.0192	-0.0672	0.0685	0.6	0.3	6
6.93	-6.93	0	0	0.726	0.0697	-0.0008	-0.0842	0.6	0.3	7
6.93	6.93	0	0	0.726	-0.0697	0.0008	0.0842	0.6	0.3	8
8.002	-0	8.002	0.002	-0.0298	0.0141	0.0012	0.0638	0.6	0.3	9
8.002	-6.93	-4.001	0.002	-0.0237	0.0083	0.0064	0.0566	0.6	0.3	10
8.002	6.93	-4.001	0.002	-0.1214	-0.0076	-0.0208	0.0638	0.6	0.3	11
4.001	0	-4.001	0.001	2.8407	-0.0802	0.0048	-0.0209	0.6	0.4	0
4.001	3.465	2.001	0.001	2.7027	0.0244	-0.0103	-0.0241	0.6	0.4	1
4.001	-3.465	2.001	0.001	2.6487	0.0576	0.0536	0.022	0.6	0.4	2
6.93	-3.465	-6.002	0	0.7269	0.0419	0.0763	0.0865	0.6	0.4	3
6.93	3.465	6.002	0	0.7269	-0.0419	-0.0763	-0.0865	0.6	0.4	4
6.93	3.465	-6.002	0	0.7416	-0.019	0.0752	-0.0609	0.6	0.4	5
6.93	-3.465	6.002	0	0.7416	0.019	-0.0752	0.0609	0.6	0.4	6
6.93	-6.93	0	0	0.772	0.0706	-0.0048	-0.0774	0.6	0.4	7
6.93	6.93	0	0	0.772	-0.0706	0.0048	0.0774	0.6	0.4	8
8.002	-0	8.002	0.001	-0.014	-0.0001	-0.0099	0.0506	0.6	0.4	9
8.002	-6.93	-4.001	0.001	-0.1504	-0.0063	0.017	0.045	0.6	0.4	10
8.002	6.93	-4.001	0.001	-0.1134	-0.0052	-0.0274	0.0516	0.6	0.4	11
4.001	0	-4.001	0.001	2.7735	0.0005	0.0015	-0.0638	0.6	0.5	0
4.001	3.465	2.001	0.001	2.6556	0.0155	-0.0085	-0.0526	0.6	0.5	1
4.001	-3.465	2.001	0.001	2.669	0.0038	-0.0107	-0.0201	0.6	0.5	2
6.93	-3.465	-6.002	0	0.7657	0.0417	0.0812	0.0768	0.6	0.5	3
6.93	3.465	6.002	0	0.7657	-0.0417	-0.0812	-0.0768	0.6	0.5	4
6.93	3.465	-6.002	0	0.7817	-0.0309	0.0752	-0.0628	0.6	0.5	5
6.93	-3.465	6.002	0	0.7817	0.0309	-0.0752	0.0628	0.6	0.5	6
6.93	-6.93	0	0	0.7988	0.0741	-0.0028	-0.0746	0.6	0.5	7
6.93	6.93	0	0	0.7988	-0.0741	0.0028	0.0746	0.6	0.5	8
8.002	-0	8.002	0.001	-0.0781	0.004	-0.0058	0.0304	0.6	0.5	9
8.002	-6.93	-4.001	0.001	-0.1666	-0.0079	0.0127	0.031	0.6	0.5	10
8.002	6.93	-4.001	0.001	-0.1348	-0.0064	-0.0186	0.0359	0.6	0.5	11
4.001	0	-4.001	0	2.649	-0.0004	-0.0038	-0.057	0.6	0.6	0
4.001	3.465	2.001	0	2.6491	-0.0031	-0.0022	-0.057	0.6	0.6	1
4.001	-3.465	2.001	0	2.6673	-0.0154	-0.0268	-0.0309	0.6	0.6	2
6.93	3.465	6.002	0	0.79	-0.0413	-0.0754	-0.0719	0.6	0.6	3
6.93	-3.465	-6.002	0	0.79	0.0413	0.0754	0.0719	0.6	0.6	4
6.93	3.465	-6.002	0	0.7983	-0.039	0.0746	-0.0699	0.6	0.6	5
6.93	-3.465	6.002	0	0.7983	0.039	-0.0746	0.0699	0.6	0.6	6
6.93	6.93	0	0	0.8099	-0.0736	0.0003	0.0736	0.6	0.6	7
6.93	-6.93	0	0	0.8099	0.0736	-0.0003	-0.0736	0.6	0.6	8
8.002	-0	8.002	0	-0.1389	0.0078	-0.001	0.0223	0.6	0.6	9
8.002	-6.93	-4.001	0	-0.1389	-0.0048	0.0062	0.0223	0.6	0.6	10
8.002	6.93	-4.001	0	-0.1515	-0.006	-0.0105	0.027	0.6	0.6	11
4.001	0	-4.001	-0	2.6086	-0.0225	-0.0108	-0.0502	0.6	0.7	0
4.001	3.465	2.001	-0	2.755	-0.0263	0.0162	-0.067	0.6	0.7	1
4.001	-3.465	2.001	-0	2.7435	-0.0086	-0.0125	-0.0487	0.6	0.7	2
6.93	-3.465	-6.002	0	0.788	0.0406	0.0686	0.0695	0.6	0.7	3
6.93	3.465	6.002	0	0.788	-0.0406	-0.0686	-0.0695	0.6	0.7	4
6.93	3.465	-6.002	0	0.7833	-0.0418	0.0775	-0.0732	0.6	0.7	5
6.93	-3.465	6.002	0	0.7833	0.0418	-0.0775	0.0732	0.6	0.7	6
6.93	6.93	0	0	0.7987	-0.0698	-0.0008	0.0689	0.6	0.7	7
6.93	-6.93	0	0	0.7987	0.0698	0.0008	-0.0689	0.6	0.7	8
8.002	-0	8.002	-0	-0.1571	0.0152	0.0024	0.0282	0.6	0.7	9
8.002	-6.93	-4.001	-0	-0.099	-0.0046	0.0042	0.0201	0.6	0.7	10
8.002	6.93	-4.001	-0	-0.1494	-0.0053	-0.0072	0.0285	0.6	0.7	11
4.001	0	-4.001	-0.001	2.5213	-0.055	-0.0234	-0.0373	0.6	0.8	0
4.001	3.465	2.001	-0.001	2.8863	-0.0527	0.0385	-0.0593	0.6	0.8	1
4.001	-3.465	2.001	-0.001	2.758	0.0355	0.0529	-0.0364	0.6	0.8	2
6.93	-3.465	-6.002	0	0.7798	0.0383	0.0628	0.0721	0.6	0.8	3
6.93	3.465	6.002	0	0.7798	-0.0383	-0.0628	-0.0721	0.6	0.8	4
6.93	3.465	-6.002	0	0.7468	-0.0369	0.0841	-0.0762	0.6	0.8	5
6.93	-3.465	6.002	0	0.7468	0.0369	-0.0841	0.0762	0.6	0.8	6
6.93	-6.93	0	0	0.7743	0.0701	-0.0012	-0.0631	0.6	0.8	7
6.93	6.93	0	0	0.7743	-0.0701	0.0012	0.0631	0.6	0.8	8
8.002	-0	8.002	-0.001	-0.1492	0.0181	0.0034	0.0494	0.6	0.8	9
8.002	-6.93	-4.001	-0.001	-0.0717	-0.0099	0.0051	0.0226	0.6	0.8	10
8.002	6.93	-4.001	-0.001	-0.1252	-0.0054	-0.0097	0.0362	0.6	0.8	11
4.001	0	-4.001	0	2.4541	-0.0654	-0.0278	-0.0209	0.6	0.9	0
4.001	3.465	2.001	0	2.8876	-0.0424	0.0122	-0.0432	0.6	0.9	1
4.001	-3.465	2.001	0	2.7576	0.0822	0.1364	-0.0235	0.6	0.9	2
6.93	3.465	6.002	0	0.7679	-0.0392	-0.0635	-0.0743	0.6	0.9	3
6.93	-3.465	-6.002	0	0.7679	0.0392	0.0635	0.0743	0.6	0.9	4
6.93	-3.465	6.002	0	0.7078	0.0241	-0.0873	0.0726	0.6	0.9	5
6.93	3.465	-6.002	0	0.7078	-0.0241	0.0873	-0.0726	0.6	0.9	6
6.93	6.93	0	0	0.7304	-0.0884	0.0072	0.0644	0.6	0.9	7
6.93	-6.93	0	0	0.7304	0.0884	-0.0072	-0.0644	0.6	0.9	8
8.002	-0	8.002	0	-0.1069	0.0137	0.0015	0.0734	0.6	0.9	9
8.002	-6.93	-4.001	0	-0.089	-0.0204	0.0196	0.0319	0.6	0.9	10
8.002	6.93	-4.001	0	-0.0923	-0.0098	-0.0222	0.0453	0.6	0.9	11
4.001	0	-4.001	0	2.4843	-0.0223	0	-0.0087	0.6	1	0
4.001	3.465	2.001	0	2.7561	0.015	-0.08	-0.0408	0.6	1	1
4.001	-3.465	2.001	0	2.756	0.0149	0.0801	-0.0408	0.6	1	2
6.93	3.465	6.002	0	0.7656	-0.0494	-0.0654	-0.0621	0.6	1	3
6.93	-3.465	-6.002	0	0.7656	0.0494	0.0654	0.0621	0.6	1	4
6.93	3.465	-6.002	0	0.7314	-0.0272	0.0762	-0.0722	0.6	1	5
6.93	-3.465	6.002	0	0.7314	0.0272	-0.0762	0.0722	0.6	1	6
6.93	6.93	0	0	0.7098	-0.1076	0.0094	0.0767	0.6	1	7
6.93	-6.93	0	0	0.7098	0.1076	-0.0094	-0.0767	0.6	1	8
8.002	-0	8.002	0	-0.0998	0.0176	0	0.0657	0.6	1	9
8.002	-6.93	-4.001	0	-0.1073	-0.0133	0.0266	0.042	0.6	1	10
8.002	6.93	-4.001	0	-0.1073	-0.0133	-0.0266	0.042	0.6	1	11
4.001	0	-4.001	0	2.4121	-0.1001	-0	-0.0136	0.7	0	0
4.001	3.465	2.001	0	2.8994	0.034	-0.0631	-0.0332	0.7	0	1
4.001	-3.465	2.001	0	2.8994	0.034	0.063	-0.0332	0.7	0	2
6.93	-3.465	-6.002	0	0.7488	0.054	0.0701	0.0743	0.7	0	3
6.93	3.465	6.002	0	0.7488	-0.054	-0.0701	-0.0743	0.7	0	4
6.93	3.465	-6.002	0	0.6728	-0.0166	0.0833	-0.0459	0.7	0	5
6.93	-3.465	6.002	0	0.6728	0.0166	-0.0833	0.0459	0.7	0	6
6.93	-6.93	0	0	0.6988	0.0993	-0.0031	-0.0823	0.7	0	7
6.93	6.93	0	0	0.6988	-0.0993	0.0031	0.0823	0.7	0	8
8.002	-0	8.002	0	-0.0266	-0.0076	-0	0.1061	0.7	0	9
8.002	-6.93	-4.001	0	-0.0889	-0.0197	0.0299	0.0431	0.7	0	10
8.002	6.93	-4.001	0	-0.0889	-0.0197	-0.0299	0.0431	0.7	0	11
4.001	0	-4.001	0.001	2.4543	-0.0654	0.0275	-0.0243	0.7	0.1	0
4.001	3.465	2.001	0.001	2.7517	0.0818	-0.1367	-0.0253	0.7	0.1	1
4.001	-3.465	2.001	0.001	2.8741	-0.0425	-0.012	-0.0441	0.7	0.1	2
6.93	-3.465	-6.002	0	0.7544	0.0571	0.0575	0.0577	0.7	0.1	3
6.93	3.465	6.002	0	0.7544	-0.0571	-0.0575	-0.0577	0.7	0.1	4
6.93	3.465	-6.002	0	0.7242	-0.0297	0.0687	-0.0622	0.7	0.1	5
6.93	-3.465	6.002	0	0.7242	0.0297	-0.0687	0.0622	0.7	0.1	6
6.93	-6.93	0	0	0.6882	0.1029	-0.0046	-0.0883	0.7	0.1	7
6.93	6.93	0	0	0.6882	-0.1029	0.0046	0.0883	0.7	0.1	8
8.002	-0	8.002	0.001	-0.1075	0.0138	-0.0015	0.0729	0.7	0.1	9
8.002	-6.93	-4.001	0.001	-0.0927	-0.0099	0.0223	0.0448	0.7	0.1	10
8.002	6.93	-4.001	0.001	-0.089	-0.0205	-0.0199	0.0313	0.7	0.1	11
4.001	0	-4.001	0.001	2.4989	-0.0685	0.027	-0.0104	0.7	0.2	0
4.001	3.465	2.001	0.001	2.7359	0.08	-0.1503	0.0028	0.7	0.2	1
4.001	-3.465	2.001	0.001	2.8897	-0.0447	-0.0254	-0.0404	0.7	0.2	2
6.93	3.465	6.002	0	0.7496	-0.056	-0.0504	-0.0572	0.7	0.2	3
6.93	-3.465	-6.002	0	0.7496	0.056	0.0504	0.0572	0.7	0.2	4
6.93	-3.465	6.002	0	0.7544	0.0353	-0.062	0.0772	0.7	0.2	5
6.93	3.465	-6.002	0	0.7544	-0.0353	0.062	-0.0772	0.7	0.2	6
6.93	-6.93	0	0	0.7021	0.0922	-0.0049	-0.085	0.7	0.2	7
6.93	6.93	0	0	0.7021	-0.0922	0.0049	0.085	0.7	0.2	8
8.002	-0	8.002	0.001	-0.1589	0.0244	0.0044	0.0582	0.7	0.2	9
8.002	-6.93	-4.001	0.001	-0.0541	-0.0057	0.0157	0.0525	0.7	0.2	10
8.002	6.93	-4.001	0.001	-0.0737	-0.0158	-0.0048	0.0353	0.7	0.2	11
4.001	0	-4.001	0.002	2.701	-0.0955	0.0145	0.0197	0.7	0.3	0
4.001	3.465	2.001	0.002	2.819	0.0716	-0.1537	0.052	0.7	0.3	1
4.001	-3.465	2.001	0.002	2.9478	0.0148	0.0429	0.0025	0.7	0.3	2
6.93	-3.465	-6.002	0	0.7277	0.0486	0.0502	0.0685	0.7	0.3	3
6.93	3.465	6.002	0	0.7277	-0.0486	-0.0502	-0.0685	0.7	0.3	4
6.93	3.465	-6.002	0	0.726	-0.0342	0.0608	-0.0842	0.7	0.3	5
6.93	-3.465	6.002	0	0.726	0.0342	-0.0608	0.0842	0.7	0.3	6
6.93	-6.93	0	0	0.6992	0.0761	-0.0104	-0.0784	0.7	0.3	7
6.93	6.93	0	0	0.6992	-0.0761	0.0104	0.0784	0.7	0.3	8
8.002	-0	8.002	0.002	-0.1214	0.0218	0.0038	0.0638	0.7	0.3	9
8.002	-6.93	-4.001	0.002	-0.0298	-0.0081	0.0117	0.0638	0.7	0.3	10
8.002	6.93	-4.001	0.002	-0.0237	-0.0097	0.004	0.0566	0.7	0.3	11
4.001	0	-4.001	0.002	2.9477	-0.0444	-0.0086	0.0025	0.7	0.4	0
4.001	3.465	2.001	0.002	2.701	0.0354	-0.0899	0.0197	0.7	0.4	1
4.001	-3.465	2.001	0.002	2.8189	0.0973	0.1389	0.052	0.7	0.4	2
6.93	-3.465	-6.002	0	0.726	0.0356	0.06	0.0842	0.7	0.4	3
6.93	3.465	6.002	0	0.726	-0.0356	-0.06	-0.0842	0.7	0.4	4
6.93	3.465	-6.002	0	0.6992	-0.029	0.0711	-0.0784	0.7	0.4	5
6.93	-3.465	6.002	0	0.6992	0.029	-0.0711	0.0784	0.7	0.4	6
6.93	-6.93	0	0	0.7278	0.0678	-0.017	-0.0685	0.7	0.4	7
6.93	6.93	0	0	0.7278	-0.0678	0.017	0.0685	0.7	0.4	8
8.002	-0	8.002	0.002	-0.0237	0.0014	-0.0104	0.0566	0.7	0.4	9
8.002	-6.93	-4.001	0.002	-0.1214	-0.0142	0.017	0.0638	0.7	0.4	10
8.002	6.93	-4.001	0.002	-0.0298	-0.0061	-0.0128	0.0638	0.7	0.4	11
4.001	0	-4.001	0.001	2.8281	0.0328	-0.0126	-0.0581	0.7	0.5	0
4.001	3.465	2.001	0.001	2.5592	0.0157	-0.0378	-0.0334	0.7	0.5	1
4.001	-3.465	2.001	0.001	2.6823	0.0392	0.0498	-0.0043	0.7	0.5	2
6.93	-3.465	-6.002	0	0.7638	0.0361	0.0739	0.0797	0.7	0.5	3
6.93	3.465	6.002	0	0.7638	-0.0361	-0.0739	-0.0797	0.7	0.5	4
6.93	3.465	-6.002	0	0.7524	-0.0324	0.076	-0.0706	0.7	0.5	5
6.93	-3.465	6.002	0	0.7524	0.0324	-0.076	0.0706	0.7	0.5	6
6.93	-6.93	0	0	0.7873	0.0719	-0.0091	-0.0684	0.7	0.5	7
6.93	6.93	0	0	0.7873	-0.0719	0.0091	0.0684	0.7	0.5	8
8.002	-0	8.002	0.001	-0.0504	0.0006	-0.0089	0.0312	0.7	0.5	9
8.002	-6.93	-4.001	0.001	-0.183	-0.0099	0.0165	0.0405	0.7	0.5	10
8.002	6.93	-4.001	0.001	-0.1111	-0.0061	-0.0177	0.04	0.7	0.5	11
4.001	0	-4.001	-0.001	2.7356	0.0263	-0.0146	-0.0618	0.7	0.6	0
4.001	3.465	2.001	-0.001	2.5932	0.0017	-0.0245	-0.0466	0.7	0.6	1
4.001	-3.465	2.001	-0.001	2.7174	-0.0059	-0.0131	-0.0438	0.7	0.6	2
6.93	-3.465	-6.002	0	0.7788	0.0381	0.0776	0.0741	0.7	0.6	3
6.93	3.465	6.002	0	0.7788	-0.0381	-0.0776	-0.0741	0.7	0.6	4
6.93	3.465	-6.002	0	0.7865	-0.0369	0.0728	-0.0685	0.7	0.6	5
6.93	-3.465	6.002	0	0.7865	0.0369	-0.0728	0.0685	0.7	0.6	6
6.93	-6.93	0	0	0.8099	0.0709	-0.0038	-0.0682	0.7	0.6	7
6.93	6.93	0	0	0.8099	-0.0709	0.0038	0.0682	0.7	0.6	8
8.002	-0	8.002	-0.001	-0.101	0.0054	-0.0018	0.0206	0.7	0.6	9
8.002	-6.93	-4.001	-0.001	-0.1581	-0.0051	0.0136	0.0288	0.7	0.6	10
8.002	6.93	-4.001	-0.001	-0.1504	-0.0033	-0.0075	0.029	0.7	0.6	11
4.001	0	-4.001	0	2.7105	-0.0032	-0.0215	-0.0563	0.7	0.7	0
4.001	3.465	2.001	0	2.7105	-0.0169	-0.0136	-0.0563	0.7	0.7	1
4.001	-3.465	2.001	0	2.8085	-0.0189	-0.0329	-0.0637	0.7	0.7	2
6.93	-3.465	-6.002	0	0.7765	0.0404	0.0778	0.0729	0.7	0.7	3
6.93	3.465	6.002	0	0.7765	-0.0404	-0.0778	-0.0729	0.7	0.7	4
6.93	3.465	-6.002	0	0.7849	-0.0399	0.0723	-0.0691	0.7	0.7	5
6.93	-3.465	6.002	0	0.7849	0.0399	-0.0723	0.0691	0.7	0.7	6
6.93	-6.93	0	0	0.8123	0.0676	-0.0017	-0.0656	0.7	0.7	7
6.93	6.93	0	0	0.8123	-0.0676	0.0017	0.0656	0.7	0.7	8
8.002	-0	8.002	0	-0.1214	0.0128	0.0033	0.0235	0.7	0.7	9
8.002	-6.93	-4.001	0	-0.1214	-0.0035	0.0127	0.0235	0.7	0.7	10
8.002	6.93	-4.001	0	-0.1621	-0.0004	-0.0007	0.0254	0.7	0.7	11
4.001	0	-4.001	0	2.6041	-0.0403	-0.0291	-0.0383	0.7	0.8	0
4.001	3.465	2.001	0	2.7998	-0.036	0.0027	-0.0474	0.7	0.8	1
4.001	-3.465	2.001	0	2.8229	-0.0006	-0.0123	-0.0731	0.7	0.8	2
6.93	-3.465	-6.002	0	0.7737	0.0422	0.0765	0.0772	0.7	0.8	3
6.93	3.465	6.002	0	0.7737	-0.0422	-0.0765	-0.0772	0.7	0.8	4
6.93	3.465	-6.002	0	0.7664	-0.0392	0.0757	-0.0698	0.7	0.8	5
6.93	-3.465	6.002	0	0.7664	0.0392	-0.0757	0.0698	0.7	0.8	6
6.93	-6.93	0	0	0.8079	0.065	-0.0006	-0.0632	0.7	0.8	7
6.93	6.93	0	0	0.8079	-0.065	0.0006	0.0632	0.7	0.8	8
8.002	-0	8.002	0	-0.1128	0.0187	0.0077	0.0417	0.7	0.8	9
8.002	-6.93	-4.001	0	-0.0873	-0.0038	0.0138	0.0224	0.7	0.8	10
8.002	6.93	-4.001	0	-0.1598	0.0036	0.0034	0.0294	0.7	0.8	11
4.001	0	-4.001	0	2.4533	-0.0806	-0.032	-0.0187	0.7	0.9	0
4.001	3.465	2.001	0	2.8958	-0.0416	0.0159	-0.0426	0.7	0.9	1
4.001	-3.465	2.001	0	2.8326	0.0552	0.0547	-0.0481	0.7	0.9	2
6.93	3.465	6.002	0	0.7614	-0.0448	-0.0746	-0.0849	0.7	0.9	3
6.93	-3.465	-6.002	0	0.7614	0.0448	0.0746	0.0849	0.7	0.9	4
6.93	-3.465	6.002	0	0.7219	0.0263	-0.0829	0.062	0.7	0.9	5
6.93	3.465	-6.002	0	0.7219	-0.0263	0.0829	-0.062	0.7	0.9	6
6.93	-6.93	0	0	0.7783	0.0742	0.0004	-0.0658	0.7	0.9	7
6.93	6.93	0	0	0.7783	-0.0742	-0.0004	0.0658	0.7	0.9	8
8.002	-0	8.002	0	-0.0598	0.0114	0.0083	0.0784	0.7	0.9	9
8.002	-6.93	-4.001	0	-0.0703	-0.0096	0.0199	0.0286	0.7	0.9	10
8.002	6.93	-4.001	0	-0.137	-0.0001	-0.0066	0.0366	0.7	0.9	11
4.001	0	-4.001	0	2.4121	-0.1001	-0	-0.0136	0.7	1	0
4.001	3.465	2.001	0	2.8994	0.034	-0.0631	-0.0332	0.7	1	1
4.001	-3.465	2.001	0	2.8994	0.034	0.063	-0.0332	0.7	1	2
6.93	-3.465	-6.002	0	0.7488	0.054	0.0701	0.0743	0.7	1	3
6.93	3.465	6.002	0	0.7488	-0.054	-0.0701	-0.0743	0.7	1	4
6.93	3.465	-6.002	0	0.6728	-0.0166	0.0833	-0.0459	0.7	1	5
6.93	-3.465	6.002	0	0.6728	0.0166	-0.0833	0.0459	0.7	1	6
6.93	-6.93	0	0	0.6988	0.0993	-0.0031	-0.0823	0.7	1	7
6.93	6.93	0	0	0.6988	-0.0993	0.0031	0.0823	0.7	1	8
8.002	-0	8.002	0	-0.0266	-0.0076	-0	0.1061	0.7	1	9
8.002	-6.93	-4.001	0	-0.0889	-0.0197	0.0299	0.0431	0.7	1	10
8.002	6.93	-4.001	0	-0.0889	-0.0197	-0.0299	0.0431	0.7	1	11
4.001	0	-4.001	0	2.3859	-0.0879	-0	0.0005	0.8	0	0
4.001	3.465	2.001	0	2.7871	0.0219	-0.0265	-0.0302	0.8	0	1
4.001	-3.465	2.001	0	2.7871	0.0218	0.0264	-0.0302	0.8	0	2
6.93	-3.465	-6.002	0	0.7622	0.054	0.0793	0.0848	0.8	0	3
6.93	3.465	6.002	0	0.7622	-0.054	-0.0793	-0.0848	0.8	0	4
6.93	3.465	-6.002	0	0.7008	-0.0272	0.0798	-0.0543	0.8	0	5
6.93	-3.465	6.002	0	0.7008	0.0272	-0.0798	0.0543	0.8	0	6
6.93	-6.93	0	0	0.7654	0.0784	0.0033	-0.0763	0.8	0	7
6.93	6.93	0	0	0.7654	-0.0784	-0.0033	0.0763	0.8	0	8
8.002	-0	8.002	0	-0.0072	0.0085	-0	0.0905	0.8	0	9
8.002	-6.93	-4.001	0	-0.1157	0.001	0.018	0.0329	0.8	0	10
8.002	6.93	-4.001	0	-0.1157	0.001	-0.018	0.0329	0.8	0	11
4.001	0	-4.001	-0.001	2.4457	-0.0789	0.031	-0.0245	0.8	0.1	0
4.001	3.465	2.001	-0.001	2.8378	0.0535	-0.0544	-0.0505	0.8	0.1	1
4.001	-3.465	2.001	-0.001	2.8746	-0.0406	-0.0146	-0.0397	0.8	0.1	2
6.93	-3.465	-6.002	0	0.7745	0.052	0.0612	0.0653	0.8	0.1	3
6.93	3.465	6.002	0	0.7745	-0.052	-0.0612	-0.0653	0.8	0.1	4
6.93	3.465	-6.002	0	0.707	-0.0355	0.0736	-0.0558	0.8	0.1	5
6.93	-3.465	6.002	0	0.707	0.0355	-0.0736	0.0558	0.8	0.1	6
6.93	-6.93	0	0	0.7263	0.0871	0.0018	-0.0783	0.8	0.1	7
6.93	6.93	0	0	0.7263	-0.0871	-0.0018	0.0783	0.8	0.1	8
8.002	-0	8.002	-0.001	-0.0617	0.0113	-0.0083	0.0773	0.8	0.1	9
8.002	-6.93	-4.001	-0.001	-0.1383	-0.0003	0.0066	0.0356	0.8	0.1	10
8.002	6.93	-4.001	-0.001	-0.0719	-0.0098	-0.0202	0.0272	0.8	0.1	11
4.001	0	-4.001	0	2.5192	-0.0562	0.0235	-0.0368	0.8	0.2	0
4.001	3.465	2.001	0	2.7566	0.036	-0.054	-0.0371	0.8	0.2	1
4.001	-3.465	2.001	0	2.8759	-0.0537	-0.0399	-0.0587	0.8	0.2	2
6.93	-3.465	-6.002	0	0.7828	0.0471	0.0552	0.0615	0.8	0.2	3
6.93	3.465	6.002	0	0.7828	-0.0471	-0.0552	-0.0615	0.8	0.2	4
6.93	3.465	-6.002	0	0.7494	-0.0433	0.0673	-0.0694	0.8	0.2	5
6.93	-3.465	6.002	0	0.7494	0.0433	-0.0673	0.0694	0.8	0.2	6
6.93	-6.93	0	0	0.7395	0.0869	-0.0037	-0.0755	0.8	0.2	7
6.93	6.93	0	0	0.7395	-0.0869	0.0037	0.0755	0.8	0.2	8
8.002	-0	8.002	0	-0.1492	0.0182	-0.0035	0.0502	0.8	0.2	9
8.002	-6.93	-4.001	0	-0.1247	-0.0055	0.0096	0.0369	0.8	0.2	10
8.002	6.93	-4.001	0	-0.0698	-0.01	-0.0051	0.023	0.8	0.2	11
4.001	0	-4.001	0.001	2.5626	-0.0405	0.0052	-0.0326	0.8	0.3	0
4.001	3.465	2.001	0.001	2.6851	0.0235	-0.0585	-0.0046	0.8	0.3	1
4.001	-3.465	2.001	0.001	2.8298	-0.0272	-0.0221	-0.0575	0.8	0.3	2
6.93	-3.465	-6.002	0	0.7869	0.0438	0.0577	0.0683	0.8	0.3	3
6.93	3.465	6.002	0	0.7869	-0.0438	-0.0577	-0.0683	0.8	0.3	4
6.93	3.465	-6.002	0	0.7635	-0.046	0.0682	-0.0797	0.8	0.3	5
6.93	-3.465	6.002	0	0.7635	0.046	-0.0682	0.0797	0.8	0.3	6
6.93	-6.93	0	0	0.7523	0.082	-0.0099	-0.0706	0.8	0.3	7
6.93	6.93	0	0	0.7523	-0.082	0.0099	0.0706	0.8	0.3	8
8.002	-0	8.002	0.001	-0.1829	0.0192	0.0003	0.0406	0.8	0.3	9
8.002	-6.93	-4.001	0.001	-0.1111	-0.0122	0.014	0.0402	0.8	0.3	10
8.002	6.93	-4.001	0.001	-0.0504	-0.0079	0.004	0.0312	0.8	0.3	11
4.001	0	-4.001	0.001	2.6948	-0.0207	-0.016	-0.0285	0.8	0.4	0
4.001	3.465	2.001	0.001	2.6496	0.0168	-0.0761	0.0211	0.8	0.4	1
4.001	-3.465	2.001	0.001	2.8412	0.0435	0.0662	-0.0189	0.8	0.4	2
6.93	-3.465	-6.002	0	0.7731	0.0396	0.059	0.0775	0.8	0.4	3
6.93	3.465	6.002	0	0.7731	-0.0396	-0.059	-0.0775	0.8	0.4	4
6.93	3.465	-6.002	0	0.7277	-0.0449	0.0744	-0.0865	0.8	0.4	5
6.93	-3.465	6.002	0	0.7277	0.0449	-0.0744	0.0865	0.8	0.4	6
6.93	-6.93	0	0	0.7434	0.0748	-0.0208	-0.0611	0.8	0.4	7
6.93	6.93	0	0	0.7434	-0.0748	0.0208	0.0611	0.8	0.4	8
8.002	-0	8.002	0.001	-0.1506	0.0174	-0.0031	0.0446	0.8	0.4	9
8.002	-6.93	-4.001	0.001	-0.1141	-0.0211	0.0182	0.0507	0.8	0.4	10
8.002	6.93	-4.001	0.001	-0.0164	-0.0086	0.0045	0.0492	0.8	0.4	11
4.001	0	-4.001	0.001	2.8753	0.0444	-0.0264	-0.037	0.8	0.5	0
4.001	3.465	2.001	0.001	2.4944	0.0109	-0.073	-0.0092	0.8	0.5	1
4.001	-3.465	2.001	0.001	2.7334	0.0907	0.1446	0.007	0.8	0.5	2
6.93	-3.465	-6.002	0	0.7548	0.036	0.0616	0.0774	0.8	0.5	3
6.93	3.465	6.002	0	0.7548	-0.036	-0.0616	-0.0774	0.8	0.5	4
6.93	3.465	-6.002	0	0.7025	-0.0418	0.0823	-0.0852	0.8	0.5	5
6.93	-3.465	6.002	0	0.7025	0.0418	-0.0823	0.0852	0.8	0.5	6
6.93	-6.93	0	0	0.7503	0.0718	-0.0233	-0.0571	0.8	0.5	7
6.93	6.93	0	0	0.7503	-0.0718	0.0233	0.0571	0.8	0.5	8
8.002	-0	8.002	0.001	-0.0735	0.0118	-0.0114	0.0359	0.8	0.5	9
8.002	-6.93	-4.001	0.001	-0.1593	-0.0157	0.0184	0.0591	0.8	0.5	10
8.002	6.93	-4.001	0.001	-0.0543	-0.0105	-0.0126	0.053	0.8	0.5	11
4.001	0	-4.001	0	2.8768	0.0614	-0.0264	-0.0585	0.8	0.6	0
4.001	3.465	2.001	0	2.5163	0.0078	-0.0603	-0.0372	0.8	0.6	1
4.001	-3.465	2.001	0	2.7565	0.0288	0.0583	-0.0367	0.8	0.6	2
6.93	-3.465	-6.002	0	0.7494	0.0366	0.0711	0.0694	0.8	0.6	3
6.93	3.465	6.002	0	0.7494	-0.0366	-0.0711	-0.0694	0.8	0.6	4
6.93	3.465	-6.002	0	0.7395	-0.0403	0.0771	-0.0754	0.8	0.6	5
6.93	-3.465	6.002	0	0.7395	0.0403	-0.0771	0.0754	0.8	0.6	6
6.93	-6.93	0	0	0.783	0.0713	-0.0132	-0.0615	0.8	0.6	7
6.93	6.93	0	0	0.783	-0.0713	0.0132	0.0615	0.8	0.6	8
8.002	-0	8.002	0	-0.07	0.0094	-0.0061	0.0229	0.8	0.6	9
8.002	-6.93	-4.001	0	-0.1491	-0.006	0.0175	0.0503	0.8	0.6	10
8.002	6.93	-4.001	0	-0.1248	-0.0056	-0.0096	0.0369	0.8	0.6	11
4.001	0	-4.001	-0	2.8013	0.0203	-0.03	-0.0474	0.8	0.7	0
4.001	3.465	2.001	-0	2.6006	-0.0051	-0.0495	-0.0395	0.8	0.7	1
4.001	-3.465	2.001	-0	2.824	-0.0102	-0.0066	-0.0725	0.8	0.7	2
6.93	-3.465	-6.002	0	0.7488	0.0394	0.0785	0.0696	0.8	0.7	3
6.93	3.465	6.002	0	0.7488	-0.0394	-0.0785	-0.0696	0.8	0.7	4
6.93	3.465	-6.002	0	0.7667	-0.0402	0.0693	-0.069	0.8	0.7	5
6.93	-3.465	6.002	0	0.7667	0.0402	-0.0693	0.069	0.8	0.7	6
6.93	-6.93	0	0	0.8043	0.0677	-0.0075	-0.0628	0.8	0.7	7
6.93	6.93	0	0	0.8043	-0.0677	0.0075	0.0628	0.8	0.7	8
8.002	-0	8.002	-0	-0.0871	0.0139	0.0036	0.0224	0.8	0.7	9
8.002	-6.93	-4.001	-0	-0.1126	-0.0027	0.02	0.0419	0.8	0.7	10
8.002	6.93	-4.001	-0	-0.1598	0.0011	0.0047	0.0293	0.8	0.7	11
4.001	0	-4.001	0	2.6613	-0.0239	-0.0343	-0.0276	0.8	0.8	0
4.001	3.465	2.001	0	2.6614	-0.0177	-0.0379	-0.0277	0.8	0.8	1
4.001	-3.465	2.001	0	2.8389	-0.0114	-0.0197	-0.0802	0.8	0.8	2
6.93	3.465	6.002	0	0.7523	-0.0431	-0.0828	-0.0772	0.8	0.8	3
6.93	-3.465	-6.002	0	0.7523	0.0431	0.0828	0.0772	0.8	0.8	4
6.93	3.465	-6.002	0	0.7695	-0.0397	0.0673	-0.068	0.8	0.8	5
6.93	-3.465	6.002	0	0.7695	0.0397	-0.0673	0.068	0.8	0.8	6
6.93	-6.93	0	0	0.8161	0.0649	-0.0043	-0.0643	0.8	0.8	7
6.93	6.93	0	0	0.8161	-0.0649	0.0043	0.0643	0.8	0.8	8
8.002	-0	8.002	0	-0.088	0.0215	0.0108	0.0344	0.8	0.8	9
8.002	-6.93	-4.001	0	-0.088	-0.0014	0.024	0.0344	0.8	0.8	10
8.002	6.93	-4.001	0	-0.1748	0.0072	0.0125	0.0272	0.8	0.8	11
4.001	0	-4.001	-0	2.4818	-0.0573	-0.0294	-0.0108	0.8	0.9	0
4.001	3.465	2.001	-0	2.6833	-0.0168	-0.0234	-0.0276	0.8	0.9	1
4.001	-3.465	2.001	-0	2.7534	0.0172	0.0091	-0.0637	0.8	0.9	2
6.93	-3.465	-6.002	0	0.7581	0.0475	0.0842	0.0881	0.8	0.9	3
6.93	3.465	6.002	0	0.7581	-0.0475	-0.0842	-0.0881	0.8	0.9	4
6.93	-3.465	6.002	0	0.7503	0.0349	-0.0721	0.0667	0.8	0.9	5
6.93	3.465	-6.002	0	0.7503	-0.0349	0.0721	-0.0667	0.8	0.9	6
6.93	-6.93	0	0	0.8136	0.0677	-0.0012	-0.0696	0.8	0.9	7
6.93	6.93	0	0	0.8136	-0.0677	0.0012	0.0696	0.8	0.9	8
8.002	-0	8.002	-0	-0.0576	0.0231	0.0108	0.0572	0.8	0.9	9
8.002	-6.93	-4.001	-0	-0.0919	-0.0006	0.0259	0.0285	0.8	0.9	10
8.002	6.93	-4.001	-0	-0.1659	0.0089	0.0045	0.0265	0.8	0.9	11
4.001	0	-4.001	0	2.3859	-0.0879	-0	0.0005	0.8	1	0
4.001	3.465	2.001	0	2.7871	0.0219	-0.0265	-0.0302	0.8	1	1
4.001	-3.465	2.001	0	2.7871	0.0218	0.0264	-0.0302	0.8	1	2
6.93	-3.465	-6.002	0	0.7622	0.054	0.0793	0.0848	0.8	1	3
6.93	3.465	6.002	0	0.7622	-0.054	-0.0793	-0.0848	0.8	1	4
6.93	3.465	-6.002	0	0.7008	-0.0272	0.0798	-0.0543	0.8	1	5
6.93	-3.465	6.002	0	0.7008	0.0272	-0.0798	0.0543	0.8	1	6
6.93	-6.93	0	0	0.7654	0.0784	0.0033	-0.0763	0.8	1	7
6.93	6.93	0	0	0.7654	-0.0784	-0.0033	0.0763	0.8	1	8
8.002	-0	8.002	0	-0.0072	0.0085	-0	0.0905	0.8	1	9
8.002	-6.93	-4.001	0	-0.1157	0.001	0.018	0.0329	0.8	1	10
8.002	6.93	-4.001	0	-0.1157	0.001	-0.018	0.0329	0.8	1	11
4.001	0	-4.001	0	2.4561	-0.0744	-0	0.021	0.9	0	0
4.001	3.465	2.001	0	2.6887	0.0188	-0.0316	-0.0219	0.9	0	1
4.001	-3.465	2.001	0	2.6887	0.0188	0.0315	-0.0219	0.9	0	2
6.93	-3.465	-6.002	0	0.7543	0.0508	0.0824	0.0868	0.9	0	3
6.93	3.465	6.002	0	0.7543	-0.0508	-0.0824	-0.0868	0.9	0	4
6.93	3.465	-6.002	0	0.7145	-0.039	0.0763	-0.0694	0.9	0	5
6.93	-3.465	6.002	0	0.7145	0.039	-0.0763	0.0694	0.9	0	6
6.93	-6.93	0	0	0.775	0.0736	0.0023	-0.0762	0.9	0	7
6.93	6.93	0	0	0.775	-0.0736	-0.0023	0.0762	0.9	0	8
8.002	-0	8.002	0	-0.0109	0.0348	-0	0.0722	0.9	0	9
8.002	-6.93	-4.001	0	-0.1179	0.0049	0.0221	0.0365	0.9	0	10
8.002	6.93	-4.001	0	-0.1179	0.0049	-0.0221	0.0365	0.9	0	11
4.001	0	-4.001	0	2.516	-0.0591	0.03	-0.004	0.9	0.1	0
4.001	3.465	2.001	0	2.7686	0.0181	-0.0078	-0.068	0.9	0.1	1
4.001	-3.465	2.001	0	2.7165	-0.0169	0.0232	-0.0262	0.9	0.1	2
6.93	-3.465	-6.002	0	0.7963	0.0462	0.0628	0.0713	0.9	0.1	3
6.93	3.465	6.002	0	0.7963	-0.0462	-0.0628	-0.0713	0.9	0.1	4
6.93	3.465	-6.002	0	0.7237	-0.0442	0.0786	-0.0675	0.9	0.1	5
6.93	-3.465	6.002	0	0.7237	0.0442	-0.0786	0.0675	0.9	0.1	6
6.93	-6.93	0	0	0.7631	0.0761	0.0036	-0.0727	0.9	0.1	7
6.93	6.93	0	0	0.7631	-0.0761	-0.0036	0.0727	0.9	0.1	8
8.002	-0	8.002	0	-0.053	0.0238	-0.0112	0.0589	0.9	0.1	9
8.002	-6.93	-4.001	0	-0.1641	0.0098	-0.0055	0.0283	0.9	0.1	10
8.002	6.93	-4.001	0	-0.0878	-0.0005	-0.0265	0.0299	0.9	0.1	11
4.001	0	-4.001	0	2.6077	-0.0404	0.0294	-0.0408	0.9	0.2	0
4.001	3.465	2.001	0	2.8323	-0.0005	0.0121	-0.0726	0.9	0.2	1
4.001	-3.465	2.001	0	2.7949	-0.0365	-0.0031	-0.0506	0.9	0.2	2
6.93	3.465	6.002	0	0.804	-0.0404	-0.055	-0.0627	0.9	0.2	3
6.93	-3.465	-6.002	0	0.804	0.0404	0.055	0.0627	0.9	0.2	4
6.93	-3.465	6.002	0	0.7486	0.0482	-0.0733	0.0696	0.9	0.2	5
6.93	3.465	-6.002	0	0.7486	-0.0482	0.0733	-0.0696	0.9	0.2	6
6.93	-6.93	0	0	0.7663	0.0801	0.0001	-0.069	0.9	0.2	7
6.93	6.93	0	0	0.7663	-0.0801	-0.0001	0.069	0.9	0.2	8
8.002	-0	8.002	0	-0.1125	0.0189	-0.0077	0.0415	0.9	0.2	9
8.002	-6.93	-4.001	0	-0.1599	0.0033	-0.003	0.0289	0.9	0.2	10
8.002	6.93	-4.001	0	-0.0866	-0.0038	-0.0138	0.0223	0.9	0.2	11
4.001	0	-4.001	0	2.5603	-0.0211	0.0103	-0.0484	0.9	0.3	0
4.001	3.465	2.001	0	2.731	-0.0083	0.0108	-0.0429	0.9	0.3	1
4.001	-3.465	2.001	0	2.7302	-0.0245	-0.014	-0.0567	0.9	0.3	2
6.93	-3.465	-6.002	0	0.8111	0.0388	0.0599	0.0687	0.9	0.3	3
6.93	3.465	6.002	0	0.8111	-0.0388	-0.0599	-0.0687	0.9	0.3	4
6.93	3.465	-6.002	0	0.7802	-0.0476	0.0718	-0.0746	0.9	0.3	5
6.93	-3.465	6.002	0	0.7802	0.0476	-0.0718	0.0746	0.9	0.3	6
6.93	-6.93	0	0	0.7881	0.0818	-0.0044	-0.0686	0.9	0.3	7
6.93	6.93	0	0	0.7881	-0.0818	0.0044	0.0686	0.9	0.3	8
8.002	-0	8.002	0	-0.1577	0.0136	-0.0023	0.0286	0.9	0.3	9
8.002	-6.93	-4.001	0	-0.1525	-0.0048	0.0063	0.028	0.9	0.3	10
8.002	6.93	-4.001	0	-0.1037	-0.0044	-0.004	0.0196	0.9	0.3	11
4.001	0	-4.001	0.001	2.6511	-0.0147	-0.0088	-0.0526	0.9	0.4	0
4.001	3.465	2.001	0.001	2.6672	-0.0108	0.0016	-0.0195	0.9	0.4	1
4.001	-3.465	2.001	0.001	2.7601	0.0011	-0.001	-0.064	0.9	0.4	2
6.93	-3.465	-6.002	0	0.7998	0.0396	0.0629	0.0747	0.9	0.4	3
6.93	3.465	6.002	0	0.7998	-0.0396	-0.0629	-0.0747	0.9	0.4	4
6.93	3.465	-6.002	0	0.767	-0.0493	0.0767	-0.077	0.9	0.4	5
6.93	-3.465	6.002	0	0.767	0.0493	-0.0767	0.077	0.9	0.4	6
6.93	-6.93	0	0	0.783	0.0805	-0.0107	-0.0632	0.9	0.4	7
6.93	6.93	0	0	0.783	-0.0805	0.0107	0.0632	0.9	0.4	8
8.002	-0	8.002	0.001	-0.1669	0.0148	0.0004	0.0304	0.9	0.4	9
8.002	-6.93	-4.001	0.001	-0.136	-0.0128	0.0147	0.0351	0.9	0.4	10
8.002	6.93	-4.001	0.001	-0.0799	-0.0069	-0.0006	0.0298	0.9	0.4	11
4.001	0	-4.001	0.001	2.6814	-0.0052	-0.0263	-0.0345	0.9	0.5	0
4.001	3.465	2.001	0.001	2.5155	-0.0045	-0.0241	-0.0076	0.9	0.5	1
4.001	-3.465	2.001	0.001	2.6877	0.0567	0.067	-0.0333	0.9	0.5	2
6.93	3.465	6.002	0	0.7801	-0.0421	-0.0629	-0.0783	0.9	0.5	3
6.93	-3.465	-6.002	0	0.7801	0.0421	0.0629	0.0783	0.9	0.5	4
6.93	3.465	-6.002	0	0.7371	-0.0488	0.0873	-0.084	0.9	0.5	5
6.93	-3.465	6.002	0	0.7371	0.0488	-0.0873	0.084	0.9	0.5	6
6.93	-6.93	0	0	0.7749	0.0793	-0.0166	-0.0591	0.9	0.5	7
6.93	6.93	0	0	0.7749	-0.0793	0.0166	0.0591	0.9	0.5	8
8.002	-0	8.002	0.001	-0.1502	0.0186	-0.0019	0.0317	0.9	0.5	9
8.002	-6.93	-4.001	0.001	-0.1346	-0.0145	0.0158	0.0466	0.9	0.5	10
8.002	6.93	-4.001	0.001	-0.0778	-0.0115	-0.0064	0.0405	0.9	0.5	11
4.001	0	-4.001	0.001	2.8819	0.0317	-0.0305	-0.0431	0.9	0.6	0
4.001	3.465	2.001	0.001	2.4441	0.009	-0.0704	-0.021	0.9	0.6	1
4.001	-3.465	2.001	0.001	2.7556	0.0771	0.1393	-0.0256	0.9	0.6	2
6.93	-3.465	-6.002	0	0.7243	0.0447	0.06	0.0623	0.9	0.6	3
6.93	3.465	6.002	0	0.7243	-0.0447	-0.06	-0.0623	0.9	0.6	4
6.93	3.465	-6.002	0	0.6879	-0.0475	0.0915	-0.0881	0.9	0.6	5
6.93	-3.465	6.002	0	0.6879	0.0475	-0.0915	0.0881	0.9	0.6	6
6.93	-6.93	0	0	0.754	0.0783	-0.0207	-0.0577	0.9	0.6	7
6.93	6.93	0	0	0.754	-0.0783	0.0207	0.0577	0.9	0.6	8
8.002	-0	8.002	0.001	-0.0892	0.0273	-0.0077	0.0316	0.9	0.6	9
8.002	-6.93	-4.001	0.001	-0.1068	-0.0057	0.0127	0.0733	0.9	0.6	10
8.002	6.93	-4.001	0.001	-0.0928	-0.0142	-0.0194	0.0453	0.9	0.6	11
4.001	0	-4.001	-0.001	2.8705	0.0332	-0.0282	-0.0409	0.9	0.7	0
4.001	3.465	2.001	-0.001	2.4439	0.0129	-0.0844	-0.0257	0.9	0.7	1
4.001	-3.465	2.001	-0.001	2.8379	0.0206	0.0734	-0.0519	0.9	0.7	2
6.93	-3.465	-6.002	0	0.7071	0.046	0.0675	0.0558	0.9	0.7	3
6.93	3.465	6.002	0	0.7071	-0.046	-0.0675	-0.0558	0.9	0.7	4
6.93	3.465	-6.002	0	0.7264	-0.0451	0.0746	-0.0783	0.9	0.7	5
6.93	-3.465	6.002	0	0.7264	0.0451	-0.0746	0.0783	0.9	0.7	6
6.93	-6.93	0	0	0.7746	0.0791	-0.0145	-0.0653	0.9	0.7	7
6.93	6.93	0	0	0.7746	-0.0791	0.0145	0.0653	0.9	0.7	8
8.002	-0	8.002	-0.001	-0.0717	0.0226	0.0017	0.027	0.9	0.7	9
8.002	-6.93	-4.001	-0.001	-0.0615	0.0015	0.014	0.0771	0.9	0.7	10
8.002	6.93	-4.001	-0.001	-0.1384	-0.0056	-0.0037	0.0354	0.9	0.7	11
4.001	0	-4.001	-0.001	2.6781	-0.0115	-0.0268	-0.0294	0.9	0.8	0
4.001	3.465	2.001	-0.001	2.4866	0.0025	-0.0637	-0.0147	0.9	0.8	1
4.001	-3.465	2.001	-0.001	2.7668	-0.0001	0.0197	-0.0567	0.9	0.8	2
6.93	-3.465	-6.002	0	0.7289	0.0458	0.077	0.069	0.9	0.8	3
6.93	3.465	6.002	0	0.7289	-0.0458	-0.077	-0.069	0.9	0.8	4
6.93	3.465	-6.002	0	0.7664	-0.0408	0.0645	-0.073	0.9	0.8	5
6.93	-3.465	6.002	0	0.7664	0.0408	-0.0645	0.073	0.9	0.8	6
6.93	-6.93	0	0	0.8008	0.0782	-0.0079	-0.0718	0.9	0.8	7
6.93	6.93	0	0	0.8008	-0.0782	0.0079	0.0718	0.9	0.8	8
8.002	-0	8.002	-0.001	-0.0926	0.0224	0.0122	0.0284	0.9	0.8	9
8.002	-6.93	-4.001	-0.001	-0.0586	-0.0021	0.025	0.0572	0.9	0.8	10
8.002	6.93	-4.001	-0.001	-0.1663	-0.0009	0.0091	0.0255	0.9	0.8	11
4.001	0	-4.001	0	2.6258	-0.0534	-0.0281	0.0101	0.9	0.9	0
4.001	3.465	2.001	0	2.6259	0.0023	-0.0603	0.0101	0.9	0.9	1
4.001	-3.465	2.001	0	2.7882	0.0082	0.0142	-0.0583	0.9	0.9	2
6.93	3.465	6.002	0	0.716	-0.0468	-0.0859	-0.0819	0.9	0.9	3
6.93	-3.465	-6.002	0	0.716	0.0468	0.0859	0.0819	0.9	0.9	4
6.93	-3.465	6.002	0	0.7385	0.0396	-0.0638	0.07	0.9	0.9	5
6.93	3.465	-6.002	0	0.7385	-0.0396	0.0638	-0.07	0.9	0.9	6
6.93	-6.93	0	0	0.7923	0.0746	-0.0046	-0.0734	0.9	0.9	7
6.93	6.93	0	0	0.7923	-0.0746	0.0046	0.0734	0.9	0.9	8
8.002	-0	8.002	0	-0.0451	0.0367	0.0181	0.0537	0.9	0.9	9
8.002	-6.93	-4.001	0	-0.0451	-0.0027	0.0408	0.0537	0.9	0.9	10
8.002	6.93	-4.001	0	-0.1597	0.0053	0.0091	0.0345	0.9	0.9	11
4.001	0	-4.001	0	2.4561	-0.0744	-0	0.021	0.9	1	0
4.001	3.465	2.001	0	2.6887	0.0188	-0.0316	-0.0219	0.9	1	1
4.001	-3.465	2.001	0	2.6887	0.0188	0.0315	-0.0219	0.9	1	2
6.93	-3.465	-6.002	0	0.7543	0.0508	0.0824	0.0868	0.9	1	3
6.93	3.465	6.002	0	0.7543	-0.0508	-0.0824	-0.0868	0.9	1	4
6.93	3.465	-6.002	0	0.7145	-0.039	0.0763	-0.0694	0.9	1	5
6.93	-3.465	6.002	0	0.7145	0.039	-0.0763	0.0694	0.9	1	6
6.93	-6.93	0	0	0.775	0.0736	0.0023	-0.0762	0.9	1	7
6.93	6.93	0	0	0.775	-0.0736	-0.0023	0.0762	0.9	1	8
8.002	-0	8.002	0	-0.0109	0.0348	-0	0.0722	0.9	1	9
8.002	-6.93	-4.001	0	-0.1179	0.0049	0.0221	0.0365	0.9	1	10
8.002	6.93	-4.001	0	-0.1179	0.0049	-0.0221	0.0365	0.9	1	11
