0     0.000000000      0.000000000       0.0000000               0           0           0
1     0.500000000      0.500000000       0.0000000               0           0           0
2     0.000000000      0.333333333       0.0000000               0           0           0
3     0.500000000      0.833333333       0.0000000               0           0           0
4     0.500000000      0.166666667       0.25000000	           1           0           0
5     0.000000000      0.666666667       0.25000000              1           0           0
6     0.500000000      0.500000000       0.25000000              1           0           0
7     0.000000000      0.000000000       0.25000000              1           0           0
9     0.000000000      0.666666667       0.5000000               2           0           0
10    0.500000000      0.500000000       0.5000000               2           0           0
8     0.500000000      0.166666667       0.5000000	              2           0           0
11    0.000000000      0.000000000       0.5000000               2           0           0
12    0.000000000      0.00000000        0.75000000              3           0           0
13    0.500000000      0.500000000       0.75000000              3           0           0
14    0.000000000      0.333333333       0.75000000              3           0           0
15    0.500000000      0.833333333       0.75000000              3           0           0
